0 0.10572916666666668 0.15006944444444445 0.032187499999999994 0.042881944444444466
0 0.45524305555555555 0.050069444444444444 0.04284722222222222 0.030624999999999993
0 0.5975347222222223 0.05159722222222222 0.03961805555555564 0.025868055555555557
0 0.5623784722222223 0.12272569444444445 0.030277777777777716 0.027222222222222214
0 0.6343923611111111 0.23289930555555555 0.027465277777777786 0.04121527777777771
0 0.42105902777777776 0.16494791666666667 0.034895833333333216 0.024201388888888876
0 0.4228645833333333 0.24619791666666666 0.025763888888888788 0.034930555555555555
0 0.24907986111111108 0.3751215277777778 0.04586805555555564 0.026006944444444447
0 0.21369791666666665 0.6823090277777778 0.03517361111111113 0.036701388888888783
0 0.38435763888888885 0.51828125 0.03343749999999997 0.028854166666666715
0 0.41487847222222224 0.6606423611111112 0.030381944444444465 0.031909722222222214
0 0.50671875 0.6077951388888889 0.030416666666666713 0.033472222222222216
0 0.6020659722222221 0.5720659722222222 0.041458333333333285 0.038402777777777786
0 0.6217013888888889 0.33010416666666664 0.022916666666666786 0.047361111111111145
0 0.4886979166666666 0.4299826388888889 0.045902777777777716 0.02756944444444436
0 0.9649131944444445 0.2982465277777778 0.033506944444444284 0.03197916666666671
0 0.8285416666666666 0.42243055555555553 0.024166666666666715 0.033333333333333395
0 0.9797222222222223 0.5073958333333334 0.024201388888888786 0.034895833333333216
0 0.7569965277777777 0.5092187499999999 0.032013888888888786 0.035069444444444285
0 0.6691493055555556 0.4603645833333333 0.03961805555555564 0.025868055555555537
0 0.6777256944444445 0.6000868055555555 0.03815972222222221 0.030520833333333285
0 0.7438541666666667 0.6564583333333334 0.03815972222222221 0.030520833333333285
0 0.7369444444444444 0.7324305555555556 0.04763888888888897 0.035416666666666784
0 0.9660416666666667 0.7359375 0.02906249999999986 0.04281249999999996
0 0.8841145833333333 0.7776215277777778 0.04125000000000014 0.029027777777777784
0 0.8950694444444445 0.8485069444444445 0.038125000000000145 0.028958333333333287
0 0.6561458333333333 0.7897222222222222 0.03663194444444447 0.032048611111111215
0 0.6635763888888888 0.8075347222222222 0.022534722222222213 0.030173611111111144
0 0.7321875 0.8701041666666667 0.03486111111111114 0.022638888888888785
0 0.6286805555555557 0.8903819444444444 0.03180555555555564 0.025694444444444287
0 0.5435069444444445 0.8563194444444445 0.03184027777777772 0.027256944444444285
0 0.45894097222222224 0.7792534722222222 0.04423611111111114 0.022847222222222286
0 0.5614756944444445 0.9614409722222221 0.025659722222222216 0.03024305555555564