0 0.54765625 0.0203125 0.0328125 0.03203125
0 0.6375 0.04375 0.025 0.03125
0 0.73515625 0.02109375 0.0328125 0.01875
0 0.8609375 0.13828125 0.03671875 0.02578125
0 0.715625 0.14609375 0.0390625 0.025
0 0.571875 0.1203125 0.01875 0.0375
0 0.42578125 0.23046875 0.01875 0.046875
0 0.61484375 0.2234375 0.0421875 0.01875
0 0.71328125 0.275 0.025 0.03828125
0 0.93984375 0.25234375 0.0234375 0.04375
0 0.98515625 0.1484375 0.0296875 0.02578125
0 0.94609375 0.3359375 0.02890625 0.04140625
0 0.6765625 0.36171875 0.01875 0.0421875
0 0.84140625 0.3859375 0.04609375 0.0265625
0 0.83984375 0.4296875 0.03125 0.02421875
0 0.58046875 0.44921875 0.02578125 0.03046875
0 0.40546875 0.52265625 0.028125 0.0359375
0 0.27109375 0.65 0.0375 0.02734375
0 0.27578125 0.75625 0.0390625 0.04609375
0 0.37265625 0.7484375 0.04375 0.025
0 0.475 0.6578125 0.05078125 0.0359375
0 0.4328125 0.88984375 0.0296875 0.0265625
0 0.378125 0.95625 0.04453125 0.028125
0 0.665625 0.98671875 0.03125 0.0265625
0 0.70703125 0.946875 0.034375 0.03125
0 0.7734375 0.9140625 0.025 0.04453125
0 0.68515625 0.88828125 0.034375 0.04140625
0 0.63515625 0.84140625 0.02734375 0.0265625
0 0.5078125 0.79609375 0.034375 0.02578125
0 0.503125 0.8125 0.0421875 0.0171875
0 0.6796875 0.70703125 0.03359375 0.02109375
0 0.67890625 0.6359375 0.03671875 0.03046875
0 0.5703125 0.578125 0.01953125 0.0359375
0 0.659375 0.5328125 0.0375 0.01953125
0 0.7328125 0.53125 0.025 0.02890625
0 0.78671875 0.6203125 0.025 0.02890625
0 0.43984375 0.4484375 0.03203125 0.02265625
0 0.8171875 0.5 0.034375 0.025
0 0.88046875 0.52421875 0.03984375 0.03203125
0 0.915625 0.63046875 0.0390625 0.02890625
0 0.89453125 0.71953125 0.040625 0.021875
0 0.9703125 0.81171875 0.0359375 0.01875
0 0.9203125 0.915625 0.046875 0.02890625
0 0.92109375 0.98046875 0.02421875 0.03515625