0 0.9151793981481482 0.03938078703703703 0.05186342592592581 0.059606481481481476
0 0.8531481481481482 0.23110532407407408 0.050868055555555715 0.09542824074074074
0 0.9123379629629629 0.23203125 0.07254629629629647 0.06660879629629628
0 0.6957928240740741 0.4528645833333334 0.06804398148148146 0.06956018518518511
0 0.5881828703703704 0.5192129629629629 0.07980324074074083 0.057523148148148094
0 0.3001909722222222 0.39346064814814813 0.07898148148148146 0.06996527777777777
0 0.34681712962962963 0.8563368055555556 0.03807870370370372 0.06377314814814809
0 0.6689756944444445 0.8264756944444445 0.06206018518518519 0.047511574074074046
0 0.7769039351851852 0.6626736111111111 0.09405092592592582 0.06116898148148149
0 0.9590740740740742 0.44311342592592595 0.02888888888888914 0.06655092592592596
0 0.019276620370370375 0.9692708333333334 0.03855324074074075 0.029976851851851904