8 0.7798784722222222 0.06620949074074074 0.026828703703703737 0.03731481481481481
8 0.7910648148148148 0.10037037037037037 0.034664351851851904 0.040844907407407406
8 0.7057581018518518 0.18107060185185184 0.03302083333333332 0.02982638888888891
8 0.8097222222222221 0.19427083333333334 0.029907407407407403 0.031226851851851832
8 0.7858738425925926 0.24301504629629628 0.033020833333333145 0.02982638888888891
8 0.9387037037037036 0.7382523148148148 0.026793981481481665 0.032627314814814845
8 0.7789525462962963 0.6792071759259259 0.033067129629629474 0.036076388888889
8 0.7346643518518519 0.7097106481481481 0.03309027777777764 0.03920138888888882
8 0.9730497685185184 0.7361284722222223 0.036215277777778 0.03936342592592581
8 0.9749131944444442 0.7768344907407407 0.025231481481481667 0.03254629629629626
8 0.9361111111111111 0.704537037037037 0.03453703703703681 0.023657407407407405
8 0.9870891203703703 0.591707175925926 0.02582175925925938 0.03903935185185183