0 0.14453125 0.175 0.0390625 0.03984375
0 0.1859375 0.06640625 0.03046875 0.04296875
0 0.3953125 0.0828125 0.0359375 0.02109375
0 0.58984375 0.0296875 0.021875 0.0375
0 0.7015625 0.1734375 0.03828125 0.02265625
0 0.60546875 0.2421875 0.028125 0.03203125
0 0.70859375 0.43984375 0.03984375 0.03828125
0 0.70625 0.4859375 0.01640625 0.0359375
0 0.9640625 0.46171875 0.0203125 0.0359375
0 0.98984375 0.19453125 0.0203125 0.03515625
0 0.25703125 0.71171875 0.0375 0.021875
0 0.3328125 0.64375 0.03125 0.0203125
0 0.51328125 0.7421875 0.015625 0.034375
0 0.5671875 0.909375 0.03515625 0.01796875
0 0.4265625 0.9140625 0.03359375 0.034375
0 0.53359375 0.98515625 0.028125 0.0296875