0 0.01875 0.14140625 0.03515625 0.03046875
0 0.178125 0.17734375 0.0296875 0.01953125
0 0.27109375 0.30078125 0.03515625 0.0484375
0 0.38203125 0.346875 0.040625 0.0296875
0 0.35703125 0.3703125 0.0265625 0.02109375
0 0.221875 0.42578125 0.0203125 0.04296875
0 0.18359375 0.346875 0.02578125 0.04140625
0 0.12734375 0.41171875 0.03046875 0.0296875
0 0.0546875 0.5765625 0.02734375 0.034375
0 0.16796875 0.61953125 0.04453125 0.0375
0 0.0953125 0.675 0.034375 0.0296875
0 0.07109375 0.71640625 0.0328125 0.03828125
0 0.11640625 0.8421875 0.0359375 0.03125
0 0.1796875 0.978125 0.0359375 0.03515625
0 0.48828125 0.3203125 0.0390625 0.034375
0 0.55625 0.26484375 0.02578125 0.0296875
0 0.6609375 0.08515625 0.0265625 0.0265625
0 0.8796875 0.09453125 0.0359375 0.0234375
0 0.98515625 0.0890625 0.0296875 0.0453125
0 0.865625 0.19921875 0.0296875 0.01796875
0 0.765625 0.20703125 0.03828125 0.02265625
0 0.75234375 0.2640625 0.03359375 0.02265625
0 0.7171875 0.3203125 0.0375 0.0203125
0 0.85546875 0.2734375 0.028125 0.0328125
10 0.83671875 0.3609375 0.01953125 0.0359375
10 0.9046875 0.33203125 0.02578125 0.03203125
10 0.88515625 0.3484375 0.0203125 0.034375
10 0.92109375 0.24296875 0.0359375 0.0203125
10 0.9625 0.30859375 0.0296875 0.01640625
10 0.9578125 0.32890625 0.01875 0.02265625
10 0.97734375 0.35625 0.0296875 0.0234375
10 0.9953125 0.34453125 0.00625 0.03671875
10 0.9359375 0.384375 0.0375 0.01875
10 0.9703125 0.40625 0.03125 0.01328125
10 0.96328125 0.44921875 0.01953125 0.0359375
10 0.93359375 0.45234375 0.01953125 0.03203125
10 0.90625 0.41796875 0.0359375 0.025
10 0.9015625 0.45234375 0.025 0.02890625
10 0.86875 0.42734375 0.02265625 0.03828125
10 0.803125 0.4015625 0.0359375 0.015625
10 0.80390625 0.35703125 0.03125 0.02265625
10 0.76796875 0.384375 0.0171875 0.03515625
10 0.7359375 0.3703125 0.03671875 0.03203125
10 0.6859375 0.4 0.0234375 0.03125
10 0.7203125 0.4203125 0.02890625 0.02890625
10 0.82421875 0.44140625 0.01875 0.0328125
0 0.76640625 0.42890625 0.0234375 0.02890625
10 0.56015625 0.3765625 0.0390625 0.02578125
10 0.51796875 0.38984375 0.0328125 0.02734375
10 0.59140625 0.42578125 0.03359375 0.01875
10 0.6421875 0.41484375 0.01875 0.03984375
10 0.65859375 0.39453125 0.03046875 0.0328125
10 0.6421875 0.4515625 0.02734375 0.03125
10 0.6015625 0.4671875 0.028125 0.034375
10 0.56640625 0.459375 0.0328125 0.015625
10 0.51953125 0.4296875 0.0328125 0.03125
10 0.48515625 0.44375 0.01953125 0.040625
10 0.49296875 0.4734375 0.04140625 0.02421875
10 0.41171875 0.4921875 0.0359375 0.02109375
10 0.48046875 0.525 0.028125 0.034375
10 0.51640625 0.5265625 0.03203125 0.021875
10 0.54140625 0.48828125 0.01640625 0.0328125
10 0.58515625 0.49140625 0.03046875 0.03125
10 0.62421875 0.52109375 0.02265625 0.021875
10 0.65546875 0.48515625 0.021875 0.040625
10 0.6953125 0.4546875 0.034375 0.0234375
10 0.734375 0.46640625 0.0375 0.01640625
10 0.71796875 0.4875 0.03671875 0.01796875
10 0.7828125 0.48203125 0.01640625 0.0359375
10 0.7640625 0.50703125 0.034375 0.01640625
10 0.82265625 0.49609375 0.03515625 0.02265625
10 0.86953125 0.515625 0.02109375 0.02265625
10 0.89765625 0.509375 0.02890625 0.02890625
10 0.93125 0.49765625 0.0171875 0.03203125
10 0.94921875 0.5703125 0.028125 0.03046875
10 0.98984375 0.615625 0.01953125 0.015625
10 0.896875 0.55703125 0.034375 0.028125
10 0.9078125 0.596875 0.0328125 0.0234375
10 0.95 0.62890625 0.01484375 0.0328125
10 0.9296875 0.6609375 0.01875 0.03046875
10 0.8953125 0.63828125 0.0140625 0.04140625
10 0.8671875 0.6375 0.03828125 0.0171875
10 0.81484375 0.60078125 0.0359375 0.015625
10 0.87578125 0.5765625 0.03046875 0.02890625
10 0.8234375 0.53671875 0.028125 0.02578125
10 0.7671875 0.53515625 0.040625 0.015625
10 0.77265625 0.56875 0.01640625 0.02734375
10 0.72421875 0.540625 0.0171875 0.03671875
10 0.6625 0.5328125 0.01875 0.025
10 0.675 0.5625 0.015625 0.0328125
10 0.71015625 0.6 0.01171875 0.0375
10 0.7078125 0.621875 0.0328125 0.01640625
10 0.75234375 0.63515625 0.0375 0.02265625
10 0.80390625 0.6453125 0.02421875 0.0359375
10 0.609375 0.55 0.040625 0.01875
10 0.56328125 0.54453125 0.03046875 0.01875
10 0.52734375 0.54296875 0.0296875 0.02109375
10 0.540625 0.5609375 0.02890625 0.01328125
10 0.55546875 0.5953125 0.0171875 0.034375
10 0.58984375 0.6140625 0.0265625 0.0171875
10 0.6265625 0.5921875 0.03671875 0.0171875
10 0.67265625 0.6203125 0.0296875 0.02265625
10 0.66328125 0.64609375 0.01953125 0.034375
10 0.61875 0.6390625 0.0359375 0.025
10 0.48984375 0.5671875 0.0328125 0.01796875
10 0.440625 0.55859375 0.0265625 0.03125
10 0.40625 0.51953125 0.03125 0.0234375
10 0.3828125 0.52421875 0.0296875 0.0265625
10 0.3515625 0.51953125 0.025 0.028125
10 0.3265625 0.51015625 0.01953125 0.0328125
10 0.359375 0.4546875 0.03203125 0.01875
10 0.309375 0.57578125 0.02890625 0.02265625
10 0.30078125 0.5265625 0.02109375 0.03515625
10 0.2859375 0.5 0.02421875 0.02109375
10 0.25859375 0.53828125 0.03203125 0.03203125
10 0.28125 0.5921875 0.0296875 0.015625
10 0.278125 0.60703125 0.03984375 0.0171875
10 0.3375 0.6015625 0.02109375 0.0359375
10 0.3609375 0.58203125 0.02421875 0.03671875
10 0.415625 0.57265625 0.0375 0.01953125
10 0.415625 0.60390625 0.025 0.03203125
10 0.37109375 0.6234375 0.04140625 0.03203125
10 0.2859375 0.64921875 0.0375 0.02109375
10 0.23046875 0.6421875 0.0359375 0.02890625
10 0.23984375 0.66484375 0.034375 0.0234375
10 0.24140625 0.703125 0.0296875 0.021875
10 0.21484375 0.6984375 0.025 0.0234375
10 0.28046875 0.71171875 0.034375 0.0234375
10 0.34609375 0.69453125 0.03359375 0.03046875
10 0.3859375 0.6640625 0.0140625 0.0421875
10 0.4265625 0.65703125 0.02734375 0.01953125
10 0.44609375 0.6359375 0.015625 0.0359375
10 0.475 0.62578125 0.0171875 0.0359375
10 0.4953125 0.65078125 0.03515625 0.01796875
10 0.45390625 0.68359375 0.02265625 0.0234375
10 0.40625 0.70625 0.03203125 0.03671875
0 0.30625 0.76171875 0.040625 0.021875
0 0.29453125 0.8859375 0.03359375 0.02421875
0 0.38359375 0.89296875 0.0328125 0.02890625
10 0.1828125 0.72890625 0.0328125 0.01875
10 0.2203125 0.76015625 0.0296875 0.02109375
10 0.24375 0.78046875 0.0203125 0.03046875
10 0.29765625 0.803125 0.0203125 0.03046875
10 0.2625 0.8390625 0.0296875 0.02890625
10 0.3625 0.78046875 0.02578125 0.0296875
10 0.35 0.82265625 0.01328125 0.034375
10 0.32890625 0.84765625 0.03671875 0.02734375
10 0.3828125 0.8390625 0.028125 0.03359375
10 0.37890625 0.74765625 0.034375 0.01171875
10 0.43125 0.73984375 0.03046875 0.03046875
10 0.4765625 0.73125 0.02578125 0.021875
10 0.5 0.68828125 0.02265625 0.0359375
10 0.54921875 0.6703125 0.02578125 0.02578125
10 0.5609375 0.7078125 0.02890625 0.025
10 0.61484375 0.68046875 0.034375 0.02578125
10 0.60703125 0.7078125 0.028125 0.025
10 0.56796875 0.73671875 0.01796875 0.0265625
10 0.51171875 0.74296875 0.0265625 0.0265625
10 0.478125 0.76015625 0.03203125 0.0296875
10 0.50390625 0.79296875 0.0234375 0.02578125
10 0.54140625 0.79140625 0.03359375 0.01953125
10 0.41796875 0.771875 0.03359375 0.01796875
10 0.41796875 0.803125 0.0234375 0.02421875
10 0.43984375 0.815625 0.0390625 0.01640625
10 0.47890625 0.8453125 0.02109375 0.02578125
10 0.43359375 0.8609375 0.03359375 0.0125
10 0.4484375 0.8796875 0.01875 0.01875
10 0.48984375 0.896875 0.025 0.03203125
10 0.51484375 0.85234375 0.03359375 0.021875
10 0.56640625 0.83046875 0.034375 0.0203125
10 0.5578125 0.86328125 0.01875 0.0375
10 0.5921875 0.76796875 0.0140625 0.0390625
10 0.56484375 0.78203125 0.01796875 0.03359375
10 0.63046875 0.76796875 0.0390625 0.028125
10 0.60546875 0.81015625 0.025 0.025
10 0.61328125 0.83515625 0.025 0.02734375
10 0.66953125 0.74296875 0.0234375 0.03515625
10 0.71171875 0.73046875 0.0171875 0.0328125
10 0.6796875 0.8359375 0.021875 0.03984375
10 0.72578125 0.84296875 0.02734375 0.03125
10 0.6515625 0.9015625 0.03515625 0.0203125
10 0.58125 0.89609375 0.02421875 0.0296875
10 0.76015625 0.70546875 0.03046875 0.03984375
10 0.78828125 0.696875 0.0265625 0.0328125
10 0.8125 0.70234375 0.03515625 0.025
10 0.87421875 0.6890625 0.0171875 0.02890625
10 0.90390625 0.696875 0.03359375 0.01953125
10 0.87890625 0.74453125 0.0171875 0.03359375
10 0.83671875 0.75703125 0.0234375 0.0328125
10 0.81796875 0.77421875 0.034375 0.0265625
10 0.7625 0.78671875 0.03203125 0.025
10 0.7984375 0.80625 0.0359375 0.028125
10 0.8703125 0.83828125 0.0265625 0.03125
10 0.81015625 0.865625 0.0265625 0.03515625
10 0.7828125 0.87734375 0.046875 0.0203125
10 0.7734375 0.92734375 0.03515625 0.02109375
10 0.8375 0.89453125 0.0140625 0.0265625
10 0.8703125 0.93515625 0.040625 0.0125
10 0.91796875 0.95546875 0.02421875 0.03203125
10 0.93515625 0.953125 0.02109375 0.03984375
10 0.8796875 0.97109375 0.02265625 0.0296875
10 0.846875 0.98125 0.015625 0.0375
10 0.82890625 0.96015625 0.0140625 0.02890625
10 0.4671875 0.934375 0.02578125 0.0359375
10 0.50390625 0.9375 0.02421875 0.03125
10 0.54296875 0.93984375 0.02578125 0.0234375
10 0.5984375 0.93984375 0.02421875 0.02734375
10 0.63359375 0.94765625 0.01640625 0.02734375
10 0.65390625 0.99296875 0.0328125 0.0140625
10 0.69140625 0.8890625 0.025 0.0234375
10 0.68515625 0.91328125 0.01015625 0.034375
10 0.6953125 0.93515625 0.03125 0.02109375
10 0.421875 0.9703125 0.021875 0.02265625
10 0.4671875 0.98125 0.0203125 0.028125
1 0.93828125 0.8265625 0.0609375 0.0421875
10 0.9671875 0.88125 0.02578125 0.03046875
10 0.99453125 0.41328125 0.0109375 0.0328125
10 0.52734375 0.97109375 0.040625 0.02265625
10 0.503125 0.99296875 0.015625 0.0140625
10 0.41328125 0.98828125 0.03046875 0.00859375