0 0.10678819444444446 0.29050925925925924 0.10083333333333333 0.10927083333333334
0 0.10857638888888888 0.10460648148148148 0.0846875 0.08560185185185185
0 0.2735243055555555 0.20291087962962964 0.06996527777777786 0.05570601851851853
0 0.3355034722222222 0.36600115740740746 0.07204861111111108 0.07916666666666661
0 0.20473958333333334 0.41635995370370366 0.08739583333333334 0.06689814814814814
0 0.04192708333333333 0.4188020833333333 0.08385416666666666 0.09033564814814814
0 0.12435763888888889 0.6245138888888888 0.0640625 0.07123842592592596
0 0.5033680555555555 0.1221875 0.07197916666666657 0.07604166666666665
0 0.58125 0.06167824074074074 0.07218750000000007 0.08541666666666667
0 0.6731423611111111 0.14388310185185185 0.08930555555555557 0.08254629629629631
0 0.890625 0.72484375 0.056805555555555644 0.09612268518518512
0 0.6639930555555555 0.6610358796296296 0.054548611111111 0.06484953703703696
0 0.7148958333333333 0.8656828703703704 0.06930555555555565 0.09630787037037045
0 0.13220486111111113 0.9742824074074073 0.0557291666666667 0.04768518518518512
0 0.41618055555555555 0.5663020833333333 0.06722222222222225 0.07284722222222229