10 0.08130787037037038 0.07718749999999999 0.0763310185185185 0.08302083333333335
10 0.09230324074074074 0.0328125 0.07962962962962963 0.04583333333333332
10 0.199537037037037 0.006927083333333334 0.06655092592592596 0.013854166666666667
10 0.14921875 0.07421875 0.06921296296296298 0.05916666666666668
10 0.2439814814814815 0.08270833333333334 0.07505787037037041 0.04864583333333332
10 0.16875 0.13604166666666667 0.03651620370370372 0.06010416666666667
10 0.048755787037037035 0.13546874999999997 0.04427083333333333 0.05906250000000002
10 0.23185763888888888 0.17859375 0.039409722222222235 0.05406249999999999
10 0.28642939814814816 0.13598958333333333 0.06655092592592596 0.07145833333333336
10 0.3049189814814815 0.057604166666666665 0.06967592592592595 0.07166666666666666
10 0.35277777777777775 0.01973958333333333 0.06631944444444446 0.03947916666666666
10 0.35300925925925924 0.12687500000000002 0.04832175925925926 0.08427083333333334
10 0.5991898148148149 0.108125 0.04184027777777786 0.07760416666666665
10 0.6566840277777778 0.028697916666666667 0.05821759259259256 0.05687499999999999
10 0.729224537037037 0.04802083333333333 0.0645833333333334 0.06041666666666666
10 0.9033564814814815 0.03875 0.06493055555555571 0.06979166666666667
10 0.682667824074074 0.12671875 0.0740162037037038 0.06260416666666666
10 0.7734375 0.24302083333333332 0.06203703703703702 0.07583333333333338
10 0.5052951388888889 0.18140625 0.09126157407407405 0.06531250000000002
10 0.3954861111111111 0.2004166666666667 0.07771990740740745 0.07843749999999998
10 0.31469907407407405 0.2354166666666667 0.07760416666666661 0.07531250000000005
10 0.18596643518518519 0.2393229166666667 0.0613425925925926 0.057083333333333285
10 0.16270254629629627 0.32036458333333334 0.07905092592592596 0.07229166666666664
10 0.10836226851851852 0.29359375 0.07586805555555555 0.07052083333333332
10 0.2783564814814815 0.29083333333333333 0.07430555555555554 0.07041666666666666
10 0.3702256944444445 0.3353645833333333 0.05295138888888893 0.08302083333333332
10 0.015350115740740739 0.3240104166666667 0.030700231481481478 0.07541666666666665
10 0.46681134259259255 0.29463541666666665 0.06701388888888893 0.08395833333333336
10 0.5249421296296296 0.2401041666666667 0.041724537037037025 0.07447916666666661
10 0.586400462962963 0.2640625 0.07893518518518512 0.06916666666666664
10 0.7973090277777779 0.3349479166666667 0.040625 0.08687500000000004
10 0.8957175925925925 0.16083333333333333 0.043171296296296194 0.07145833333333336
10 0.9730324074074073 0.13541666666666669 0.04085648148148167 0.05104166666666665
10 0.9530960648148149 0.21078125 0.0752893518518519 0.054895833333333324
10 0.872800925925926 0.2325 0.10052083333333321 0.06281250000000008
10 0.8834201388888889 0.32453125 0.06516203703703702 0.0760416666666666
10 0.9768518518518519 0.28479166666666667 0.022222222222222143 0.05291666666666668
10 0.9623842592592592 0.33875 0.047222222222222145 0.05458333333333325
10 0.7360532407407407 0.34760416666666666 0.07395833333333339 0.06104166666666666
10 0.6410011574074075 0.3890104166666667 0.06527777777777785 0.07916666666666669
10 0.49253472222222217 0.39968750000000003 0.057928240740740836 0.0911458333333334
10 0.413744212962963 0.4228645833333333 0.0528356481481481 0.07989583333333332
10 0.2029224537037037 0.47588541666666667 0.06672453703703703 0.07614583333333336
10 0.02416087962962963 0.5415104166666667 0.04832175925925926 0.07322916666666668
10 0.06270254629629629 0.5584895833333333 0.06730324074074075 0.049687499999999926
10 0.15286458333333333 0.54390625 0.07054398148148149 0.05302083333333343
10 0.18483796296296298 0.6064583333333333 0.07285879629629628 0.0734375
10 0.09424189814814814 0.6327604166666667 0.07361111111111111 0.05166666666666657
10 0.019184027777777776 0.6822916666666666 0.03836805555555555 0.06979166666666678
10 0.02786458333333333 0.7744791666666666 0.05572916666666666 0.05541666666666671
10 0.09143518518518519 0.750625 0.06221064814814814 0.08052083333333329
10 0.09924768518518519 0.8342708333333334 0.06354166666666665 0.07437499999999994
10 0.17754629629629629 0.7612500000000001 0.09131944444444447 0.06687499999999993
10 0.15162037037037038 0.6827083333333333 0.04849537037037037 0.08895833333333343
10 0.19924768518518515 0.6803125 0.08182870370370372 0.06312500000000014
10 0.21550925925925926 0.8514583333333334 0.05613425925925926 0.084791666666667
10 0.4458912037037036 0.6911458333333333 0.0740162037037038 0.06260416666666657
10 0.3202835648148148 0.5265104166666668 0.03414351851851851 0.08020833333333321
10 0.4434895833333334 0.5666145833333334 0.07957175925925916 0.08635416666666665
10 0.4728877314814815 0.5093229166666667 0.08796296296296298 0.060416666666666785
10 0.608449074074074 0.5525 0.0671875 0.08864583333333335
10 0.5763599537037037 0.6403645833333333 0.0578125 0.08802083333333321
10 0.5063368055555555 0.7424479166666667 0.04508101851851851 0.08093749999999993
10 0.6372685185185185 0.7212500000000001 0.07731481481481488 0.06750000000000007
10 0.6779224537037037 0.5073437500000001 0.048263888888888926 0.08270833333333343
10 0.685329861111111 0.5808854166666666 0.07922453703703702 0.07697916666666664
10 0.7535590277777777 0.5693229166666667 0.05271990740740744 0.07677083333333332
10 0.7691550925925925 0.44281249999999994 0.04670138888888893 0.0826041666666665
10 0.8452835648148149 0.5125520833333332 0.0640625 0.08843749999999986
10 0.813599537037037 0.37906249999999997 0.06932870370370381 0.062291666666666676
10 0.9433449074074074 0.5792708333333334 0.04768518518518512 0.06708333333333343
10 0.7980902777777777 0.6084375 0.09131944444444447 0.06687499999999993
10 0.8945023148148149 0.6776041666666666 0.0784143518518519 0.05510416666666664
10 0.902170138888889 0.7441145833333334 0.049884259259259524 0.084375
10 0.775173611111111 0.7221875000000001 0.07795138888888893 0.08468750000000007
10 0.7865451388888889 0.7728645833333333 0.05590277777777786 0.07854166666666665
10 0.7242476851851851 0.6873958333333333 0.060821759259259166 0.08510416666666672
10 0.6882233796296295 0.79734375 0.0853587962962962 0.07427083333333347
10 0.6105613425925925 0.87421875 0.051851851851851906 0.09541666666666657
10 0.33399884259259255 0.9347395833333334 0.08530092592592595 0.07270833333333329
10 0.9679108796296297 0.010625 0.04832175925925952 0.02125