10 0.04296875 0.12890625 0.06640625 0.071875
10 0.04765625 0.084375 0.07578125 0.0328125
10 0.090625 0.01953125 0.0421875 0.03828125
10 0.1484375 0.028125 0.059375 0.05625
10 0.1109375 0.12265625 0.0625 0.04765625
10 0.20703125 0.128125 0.0703125 0.03671875
10 0.1390625 0.18359375 0.02890625 0.0546875
10 0.01875 0.1875 0.0375 0.053125
10 0.20859375 0.2234375 0.03203125 0.0484375
10 0.25703125 0.17890625 0.0578125 0.06171875
10 0.26484375 0.10078125 0.0609375 0.0609375
10 0.3046875 0.03984375 0.05625 0.07421875
10 0.32265625 0.1671875 0.03671875 0.078125
10 0.5671875 0.1390625 0.03203125 0.071875
10 0.6140625 0.05859375 0.0515625 0.04765625
10 0.6890625 0.075 0.0578125 0.05
10 0.8625 0.05859375 0.05703125 0.059375
10 0.65390625 0.1546875 0.0671875 0.05078125
10 0.76171875 0.26640625 0.053125 0.0671875
10 0.48359375 0.215625 0.084375 0.05078125
10 0.37578125 0.2390625 0.06875 0.0671875
10 0.3 0.2765625 0.06875 0.0640625
10 0.17109375 0.2859375 0.05546875 0.04765625
10 0.159375 0.3671875 0.07109375 0.06015625
10 0.10078125 0.3421875 0.0671875 0.059375
10 0.27109375 0.3328125 0.065625 0.059375
10 0.36953125 0.37421875 0.04296875 0.075
10 0.0109375 0.3765625 0.021875 0.071875
10 0.4609375 0.3296875 0.05625 0.07421875
10 0.51171875 0.2734375 0.03203125 0.06875
10 0.5765625 0.29453125 0.07109375 0.05625
10 0.7984375 0.35703125 0.02890625 0.08125
10 0.87265625 0.18046875 0.03359375 0.065625
10 0.96484375 0.15078125 0.0703125 0.04140625
10 0.940625 0.228125 0.075 0.0421875
10 0.859375 0.25234375 0.09453125 0.046875
10 0.88359375 0.34375 0.05546875 0.0671875
10 0.98203125 0.3 0.0359375 0.04765625
10 0.97265625 0.35390625 0.0546875 0.04609375
10 0.7390625 0.371875 0.0671875 0.05
10 0.64921875 0.41640625 0.05625 0.06953125
10 0.5015625 0.4328125 0.04609375 0.08359375
10 0.42578125 0.459375 0.0421875 0.071875
10 0.221875 0.51953125 0.05703125 0.065625
10 0.03671875 0.59375 0.06953125 0.0625
10 0.0921875 0.60703125 0.0625 0.0390625
10 0.18125 0.5890625 0.06484375 0.0421875
10 0.221875 0.65 0.06484375 0.0625
10 0.134375 0.6796875 0.06875 0.040625
10 0.015625 0.65859375 0.03125 0.0421875
10 0.05234375 0.7328125 0.0578125 0.059375
10 0.07421875 0.8234375 0.0765625 0.0421875
10 0.034375 0.90703125 0.06875 0.0296875
10 0.1484375 0.796875 0.0515625 0.071875
10 0.16796875 0.8796875 0.0546875 0.06484375
10 0.23671875 0.80390625 0.08359375 0.05234375
10 0.19921875 0.72734375 0.03671875 0.0828125
10 0.246875 0.72265625 0.075 0.05
10 0.2875 0.8921875 0.0453125 0.0765625
10 0.49609375 0.72421875 0.0671875 0.0515625
10 0.346875 0.565625 0.02421875 0.07578125
10 0.47578125 0.60078125 0.06953125 0.07421875
10 0.49765625 0.54296875 0.08125 0.04609375
10 0.63984375 0.58046875 0.05546875 0.0796875
10 0.61953125 0.66875 0.04609375 0.08046875
10 0.5640625 0.77265625 0.034375 0.07421875
10 0.6921875 0.746875 0.06953125 0.05625
10 0.703125 0.5328125 0.0375 0.0765625
10 0.72109375 0.60546875 0.0703125 0.06484375
10 0.7875 0.59140625 0.0421875 0.06953125
10 0.78515625 0.465625 0.0359375 0.07578125
10 0.871875 0.53125 0.05234375 0.07890625
10 0.82109375 0.4 0.06171875 0.0515625
10 0.9796875 0.59375 0.03984375 0.06015625
10 0.83828125 0.62890625 0.08359375 0.05234375
10 0.94453125 0.69375 0.071875 0.04296875
10 0.96171875 0.759375 0.03828125 0.078125
10 0.83125 0.7421875 0.0671875 0.0734375
10 0.85 0.7921875 0.0453125 0.07109375
10 0.775 0.71015625 0.05 0.07578125
10 0.7546875 0.8203125 0.0765625 0.0609375
10 0.6875 0.9 0.0390625 0.0890625
10 0.41796875 0.9703125 0.0765625 0.059375
10 0.03984375 0.9765625 0.053125 0.04609375
10 0.921875 0.01796875 0.04375 0.03515625