8 0.25979745370370366 0.28828125 0.04774305555555554 0.048553240740740744
8 0.21811921296296294 0.3070891203703704 0.04273148148148147 0.04212962962962967
8 0.2664814814814815 0.37071759259259257 0.05145833333333334 0.029976851851851904
8 0.3125 0.43425925925925923 0.03195601851851855 0.04484953703703702
8 0.3341956018518519 0.4687210648148149 0.03631944444444439 0.0387731481481481
8 0.3046759259259259 0.5247685185185185 0.03295138888888891 0.03396990740740744
8 0.19126736111111112 0.46264467592592595 0.03836805555555558 0.04820601851851851
8 0.11756944444444443 0.3894675925925926 0.047094907407407405 0.03605324074074075
8 0.06701967592592592 0.36802662037037037 0.03443287037037037 0.032465277777777767
8 0.0176099537037037 0.3849826388888889 0.029664351851851845 0.030729166666666696
8 0.03968171296296295 0.4272858796296296 0.04068287037037037 0.03269675925925917
8 0.05512731481481481 0.4615162037037037 0.06075231481481482 0.028761574074074047
8 0.12399305555555555 0.5071180555555556 0.03631944444444444 0.0387731481481481
8 0.12339120370370371 0.4734375 0.03903935185185183 0.031076388888888928
8 0.09454282407407408 0.5467303240740741 0.056226851851851854 0.03171296296296298
8 0.16296875 0.5555266203703704 0.03631944444444444 0.0387731481481481
8 0.14002314814814815 0.6055555555555555 0.031307870370370375 0.032349537037037024
8 0.1836400462962963 0.5946469907407408 0.025706018518518548 0.044618055555555536
8 0.23729745370370373 0.5410590277777778 0.030069444444444392 0.038541666666666606