10 0.14475694444444445 0.5013541666666667 0.07493055555555554 0.06773148148148138
10 0.06937499999999999 0.3440740740740741 0.0515625 0.07068287037037031
10 0.16286458333333334 0.4019849537037038 0.07805555555555554 0.0677546296296296
10 0.09854166666666667 0.2852546296296296 0.06281250000000001 0.0848263888888889
10 0.14520833333333333 0.20520833333333335 0.05656249999999998 0.08478009259259256
10 0.19711805555555556 0.25561342592592595 0.04069444444444441 0.0737268518518519
10 0.24208333333333334 0.27481481481481485 0.05805555555555557 0.08166666666666664
10 0.13170138888888888 0.15998842592592594 0.058958333333333356 0.051990740740740726
10 0.07244791666666667 0.16589699074074074 0.0528125 0.056631944444444436
10 0.15024305555555556 0.08015046296296297 0.07194444444444441 0.07395833333333332
10 0.20854166666666668 0.06643518518518518 0.04388888888888891 0.07687499999999999
10 0.26567708333333334 0.07070023148148148 0.06520833333333335 0.052037037037037034
10 0.36961805555555555 0.17697916666666666 0.06836805555555561 0.05362268518518518
10 0.44046874999999996 0.1655150462962963 0.06381944444444443 0.059837962962962975
10 0.5461284722222223 0.1733275462962963 0.07364583333333333 0.08021990740740739
10 0.6098784722222221 0.5104108796296296 0.0689583333333335 0.08018518518518505
10 0.688125 0.585625 0.04385416666666657 0.07531250000000007
10 0.5976041666666667 0.6964699074074074 0.07215277777777765 0.08333333333333322
10 0.7369097222222223 0.6712152777777778 0.08562499999999992 0.05687499999999997
10 0.8291840277777778 0.6392766203703704 0.03937500000000007 0.08465277777777783
10 0.8807465277777776 0.6388946759259259 0.05802083333333315 0.08010416666666664
10 0.9398090277777778 0.6595543981481482 0.09631944444444436 0.04601851851851855
10 0.8440277777777778 0.7094907407407407 0.06694444444444443 0.05986111111111114
10 0.8176736111111111 0.7893865740740741 0.05031250000000007 0.08473379629629622
10 0.8870486111111111 0.7818402777777778 0.0685416666666665 0.061435185185185225
10 0.9649305555555555 0.7351620370370371 0.051145833333333356 0.05193287037037031
10 0.9591840277777777 0.8633506944444445 0.035798611111111 0.06431712962962947
10 0.8937847222222223 0.8739930555555556 0.09013888888888885 0.04909722222222257
10 0.8336111111111112 0.9439814814814815 0.08572916666666677 0.061562500000000145
10 0.7560069444444444 0.9679976851851851 0.0699305555555556 0.05363425925925895
10 0.7100173611111111 0.9027025462962962 0.058090277777777824 0.08322916666666665
10 0.7247395833333333 0.33453125 0.06246527777777775 0.0692013888888889
10 0.8132638888888888 0.48546296296296293 0.0856597222222221 0.05843749999999996
10 0.9698437500000001 0.4076909722222222 0.06031249999999986 0.0708217592592593
10 0.8806944444444443 0.4255787037037037 0.06090277777777757 0.06918981481481482
10 0.8745659722222221 0.3256076388888889 0.05020833333333315 0.08004629629629631
10 0.7988888888888889 0.2956944444444444 0.07624999999999993 0.056805555555555554
10 0.831388888888889 0.1759027777777778 0.054999999999999716 0.08476851851851848
10 0.8978298611111111 0.24729745370370368 0.06423611111111108 0.07858796296296297
10 0.9829861111111111 0.1817939814814815 0.03402777777777786 0.06590277777777778
10 0.9905555555555555 0.07860532407407408 0.018888888888889 0.04390046296296295
10 0.9423784722222223 0.17742476851851852 0.065486111111111 0.06453703703703702
10 0.9523958333333333 0.1359375 0.08531249999999986 0.04281250000000001
10 0.8920312500000002 0.1621701388888889 0.071597222222222 0.058333333333333307
10 0.8619791666666667 0.07565972222222223 0.074861111111111 0.06460648148148149
10 0.7581076388888889 0.04282986111111111 0.08065972222222229 0.044340277777777784
10 0.7866145833333333 0.0949710648148148 0.0714930555555556 0.05364583333333335
10 0.7526041666666667 0.14679398148148148 0.05159722222222225 0.07224537037037035
10 0.6481944444444444 0.16006944444444446 0.047083333333333324 0.08002314814814815
10 0.67484375 0.09345486111111109 0.0703125 0.07082175925925926
10 0.7045138888888889 0.05729166666666667 0.06805555555555572 0.039560185185185184
10 0.64234375 0.03743634259259259 0.06381944444444443 0.05983796296296297
10 0.6105902777777777 0.1204976851851852 0.0578819444444445 0.07385416666666665
10 0.5788541666666667 0.06369212962962963 0.07802083333333343 0.06619212962962964
10 0.5151215277777779 0.07901041666666667 0.059687500000000074 0.08480324074074075
10 0.5276909722222223 0.013825231481481482 0.08350694444444447 0.027650462962962963
10 0.46291666666666664 0.017141203703703704 0.057083333333333285 0.03428240740740741
10 0.3757118055555556 0.06441550925925926 0.04392361111111107 0.07843750000000001
10 0.4101388888888889 0.032968750000000005 0.06090277777777775 0.06593750000000001
10 0.3322222222222222 0.007442129629629629 0.042569444444444396 0.014884259259259259
10 0.31012152777777774 0.03130208333333333 0.07607638888888886 0.048993055555555554