10 0.0421875 0.41171875 0.05625 0.0609375
10 0.60078125 0.28515625 0.0890625 0.0703125
10 0.703125 0.45703125 0.046875 0.0734375
10 0.4625 0.8140625 0.05625 0.05625
10 0.66328125 0.32734375 0.0546875 0.0671875
10 0.753125 0.29921875 0.065625 0.0671875
10 0.81015625 0.35859375 0.0984375 0.0421875
10 0.834375 0.41484375 0.05 0.0609375
10 0.89609375 0.4109375 0.0484375 0.065625
10 0.91328125 0.346875 0.0359375 0.084375
10 0.86875 0.22734375 0.05 0.0671875
10 0.78203125 0.23203125 0.0828125 0.0671875
10 0.646875 0.20234375 0.090625 0.0359375
10 0.55859375 0.21640625 0.0765625 0.0609375
10 0.690625 0.0671875 0.04375 0.06875
10 0.71171875 0.14453125 0.0890625 0.0578125
10 0.66875 0.0125 0.05625 0.025
10 0.78984375 0.04375 0.0671875 0.08125
10 0.95703125 0.0234375 0.0734375 0.046875
10 0.94375 0.13125 0.06875 0.05625
10 0.80703125 0.13984375 0.0828125 0.0578125
10 0.81328125 0.0921875 0.071875 0.03125
10 0.89140625 0.03984375 0.05390625 0.0390625
10 0.93125 0.22265625 0.0515625 0.06796875
10 0.953125 0.259375 0.065625 0.0703125
10 0.9765625 0.46328125 0.04609375 0.05625
10 0.98046875 0.5515625 0.0390625 0.06015625