0 0.33784143518518517 0.23473958333333336 0.03916666666666666 0.030625000000000034
0 0.36105902777777776 0.25593750000000004 0.04210648148148142 0.027708333333333356
0 0.39233796296296297 0.010182291666666666 0.034756944444444396 0.020364583333333332
0 0.2127488425925926 0.5591666666666667 0.05194444444444442 0.03614583333333332
0 0.691394675925926 0.7743229166666666 0.048819444444444395 0.0359375
8 0.3179224537037037 0.6133333333333333 0.02666666666666666 0.02979166666666657
8 0.16434027777777777 0.41729166666666667 0.035949074074074085 0.028854166666666715
8 0.21927662037037035 0.4575520833333334 0.019953703703703772 0.02156249999999993
8 0.6586458333333333 0.39375 0.02988425925925924 0.03156250000000007
8 0.7887152777777778 0.4180208333333333 0.025104166666666573 0.0296875
8 0.8623321759259259 0.5088020833333333 0.02620370370370395 0.02197916666666657
8 0.870329861111111 0.6172916666666667 0.03254629629629626 0.023958333333333394
8 0.33174189814814814 0.4759375 0.03604166666666666 0.030416666666666713