0 0.07890625 0.18125 0.028125 0.03984375
0 0.4234375 0.0640625 0.03984375 0.02734375
0 0.565625 0.059375 0.0375 0.021875
0 0.53359375 0.13203125 0.028125 0.02421875
0 0.6109375 0.23828125 0.02421875 0.0390625
0 0.39453125 0.18046875 0.03359375 0.021875
0 0.4 0.26171875 0.0234375 0.03359375
0 0.2328125 0.39921875 0.04453125 0.021875
0 0.2125 0.70703125 0.0328125 0.034375
0 0.375 0.53515625 0.03046875 0.0265625
0 0.41171875 0.67578125 0.028125 0.0296875
0 0.5015625 0.61875 0.028125 0.03046875
0 0.59453125 0.57890625 0.0375 0.03515625
0 0.603125 0.3359375 0.01796875 0.04609375
0 0.475 0.4421875 0.04375 0.02421875
0 0.94375 0.28828125 0.03125 0.02890625
0 0.8140625 0.41875 0.021875 0.03125
0 0.96875 0.49609375 0.021875 0.0328125
0 0.746875 0.50859375 0.0296875 0.03203125
0 0.65625 0.4640625 0.03828125 0.021875
0 0.671875 0.603125 0.0359375 0.02734375
0 0.740625 0.65625 0.0359375 0.0265625
0 0.7375 0.7328125 0.0453125 0.03125
0 0.96640625 0.725 0.02578125 0.040625
0 0.8859375 0.7703125 0.0390625 0.025
0 0.90078125 0.840625 0.03515625 0.025
0 0.659375 0.79375 0.034375 0.0296875
0 0.6671875 0.8109375 0.0203125 0.028125
0 0.7390625 0.8703125 0.0328125 0.0203125
0 0.63671875 0.8953125 0.02890625 0.0234375
0 0.55 0.865625 0.0296875 0.025
0 0.46171875 0.7921875 0.04296875 0.01875
0 0.57265625 0.96953125 0.02265625 0.02890625
0 0.7203125 0.9953125 0.0265625 0.009375
0 0.859375 0.9890625 0.034375 0.01953125