0 0.12933449074074072 0.28530092592592593 0.10002314814814817 0.1119907407407407
0 0.12775462962962963 0.1003761574074074 0.08365740740740742 0.08606481481481482
0 0.29498842592592595 0.21712962962962962 0.06876157407407409 0.05710648148148145
0 0.3592708333333333 0.38627314814814817 0.06945601851851854 0.08054398148148145
0 0.2285358796296296 0.4221990740740741 0.08778935185185188 0.06759259259259257
0 0.0643113425925926 0.4070081018518518 0.08696759259259261 0.09250000000000007
0 0.15256944444444445 0.6220254629629629 0.06297453703703706 0.07236111111111114
0 0.5225925925925926 0.16042824074074075 0.07092592592592588 0.07751157407407408
0 0.5998321759259259 0.10885416666666667 0.07120370370370388 0.08688657407407407
0 0.6930266203703704 0.20094328703703704 0.08673611111111121 0.08468749999999999
0 0.9207291666666666 0.8055844907407407 0.05590277777777786 0.09689814814814816
0 0.6927256944444444 0.7172048611111111 0.051898148148148235 0.06702546296296301
0 0.7472974537037038 0.9271064814814813 0.06684027777777786 0.09754629629629648
0 0.16625 0.9735995370370372 0.05488425925925924 0.05280092592592567
0 0.4434606481481481 0.5955902777777777 0.06614583333333321 0.0741087962962963