0 0.01796875 0.05078125 0.0359375 0.01875
0 0.359375 0.02109375 0.0390625 0.0234375
0 0.8296875 0.02265625 0.0203125 0.0390625
0 0.73203125 0.13828125 0.0328125 0.0453125
0 0.55625 0.246875 0.03046875 0.03984375
0 0.37421875 0.2515625 0.021875 0.0390625
0 0.2890625 0.35 0.03203125 0.0265625
0 0.1140625 0.47890625 0.03046875 0.01953125
0 0.2859375 0.54921875 0.0265625 0.0359375
0 0.2375 0.6296875 0.04375 0.0234375
0 0.29453125 0.72734375 0.0359375 0.0234375
0 0.5734375 0.4828125 0.03125 0.0375
0 0.634375 0.4546875 0.02890625 0.03359375
0 0.659375 0.34296875 0.03984375 0.0359375
0 0.9390625 0.2890625 0.025 0.0375
0 0.98671875 0.25859375 0.0265625 0.0359375
0 0.98984375 0.14375 0.0203125 0.028125
0 0.94296875 0.03046875 0.02265625 0.0375
0 0.9921875 0.5046875 0.015625 0.03359375
0 0.72578125 0.47109375 0.04296875 0.01953125
0 0.8484375 0.68671875 0.040625 0.02734375
0 0.5484375 0.603125 0.03515625 0.0328125
0 0.65625 0.8484375 0.040625 0.040625
0 0.05390625 0.15078125 0.02578125 0.0375