3 0.6890625 0.16953125 0.090625 0.0796875
4 0.60859375 0.05 0.0859375 0.084375
8 0.16875 0.0765625 0.040625 0.059375
8 0.2953125 0.29140625 0.05 0.0390625
8 0.15625 0.2265625 0.046875 0.040625
8 0.18203125 0.31328125 0.0515625 0.0609375
8 0.09609375 0.30625 0.0453125 0.040625
8 0.078125 0.47578125 0.0375 0.0546875
8 0.3234375 0.41328125 0.0375 0.0515625
8 0.6203125 0.45625 0.04375 0.053125
8 0.709375 0.4125 0.040625 0.04375
8 0.5140625 0.79296875 0.0359375 0.05546875
8 0.57421875 0.76015625 0.0296875 0.0390625
8 0.4203125 0.75078125 0.05390625 0.0515625
8 0.46796875 0.73515625 0.028125 0.04453125
8 0.5203125 0.7359375 0.034375 0.046875
8 0.4265625 0.6765625 0.05 0.046875
8 0.271875 0.8765625 0.0609375 0.053125
8 0.17578125 0.7921875 0.05390625 0.0515625
8 0.071875 0.9421875 0.0390625 0.04609375