0 0.9630555555555557 0.1568287037037037 0.05746527777777786 0.06412037037037037
0 0.8807465277777776 0.33666087962962965 0.06055555555555543 0.09854166666666667
0 0.9388888888888889 0.34855324074074073 0.0797569444444445 0.07414351851851855
0 0.7024652777777778 0.5285127314814815 0.07520833333333332 0.07712962962962955
0 0.5893055555555555 0.5752256944444445 0.08559027777777786 0.06495370370370371
0 0.31960069444444444 0.3951331018518519 0.08614583333333332 0.0774537037037037
0 0.31588541666666664 0.8659548611111111 0.04510416666666668 0.06687499999999993
0 0.6360069444444445 0.8973437499999999 0.06635416666666671 0.053460648148148236
0 0.7589409722222222 0.753917824074074 0.09986111111111118 0.07005787037037034
0 0.9611631944444443 0.5690335648148148 0.032673611111111 0.06806712962962962
0 0.000347222222222221 0.9162268518518519 0.000694444444444442 0.03557870370370395