10 0.11936342592592593 0.04482638888888889 0.08241898148148148 0.08512731481481481
10 0.13364583333333332 0.012673611111111111 0.08270833333333334 0.025347222222222222
10 0.1869675925925926 0.049843750000000006 0.07339120370370371 0.06145833333333334
10 0.27950231481481486 0.07050347222222222 0.07915509259259253 0.05226851851851853
10 0.20001157407407408 0.1142013888888889 0.04214120370370367 0.060532407407407396
10 0.0822337962962963 0.09896990740740741 0.04995370370370371 0.06076388888888888
10 0.2574537037037037 0.16476273148148146 0.04337962962962969 0.054328703703703685
10 0.3154861111111111 0.1287210648148148 0.07247685185185179 0.07391203703703705
10 0.34203124999999995 0.05304976851851852 0.0756018518518518 0.07400462962962961
10 0.39397569444444447 0.020434027777777777 0.0714236111111111 0.04086805555555555
10 0.3818113425925926 0.1283159722222222 0.05593749999999993 0.0859027777777778
10 0.6269328703703703 0.13977430555555553 0.049282407407407545 0.0779050925925926
10 0.6915162037037037 0.06765625 0.062291666666666676 0.05800925925925926
10 0.7602488425925926 0.09604166666666666 0.06870370370370367 0.06131944444444444
10 0.932795138888889 0.10809027777777777 0.07075231481481481 0.07074074074074073
10 0.7073032407407407 0.169375 0.07824074074074083 0.06472222222222221
10 0.7849537037037038 0.2965625 0.06959490740740737 0.0785069444444444
10 0.5269791666666667 0.20201967592592593 0.09559027777777765 0.06835648148148143
10 0.41670138888888886 0.2076273148148148 0.0838194444444444 0.08204861111111113
10 0.3335358796296296 0.2319328703703704 0.08365740740740737 0.07892361111111112
10 0.20618055555555553 0.22088541666666667 0.06706018518518517 0.05971064814814815
10 0.17482638888888888 0.2990393518518519 0.08497685185185189 0.07428240740740737
10 0.12434606481481483 0.2646527777777778 0.08028935185185188 0.07414351851851855
10 0.29188078703703707 0.2830902777777778 0.07864583333333339 0.07253472222222221
10 0.3778645833333333 0.3398263888888889 0.06046296296296294 0.08291666666666667
10 0.028964120370370366 0.28385995370370376 0.03982638888888888 0.07606481481481478
10 0.47767939814814814 0.3103472222222222 0.07304398148148153 0.08484953703703706
10 0.5401851851851852 0.2632523148148148 0.049120370370370384 0.07478009259259259
10 0.597818287037037 0.29508680555555555 0.08481481481481482 0.07115740740740736
10 0.7987210648148148 0.39210069444444445 0.04820601851851869 0.08723379629629627
10 0.9131944444444444 0.2303587962962963 0.048958333333333215 0.07165509259259259
10 0.9794270833333334 0.21669560185185185 0.018460648148148094 0.05515046296296298
10 0.9554282407407406 0.2883912037037037 0.05916666666666685 0.05791666666666666
10 0.8831076388888889 0.29911458333333335 0.10488425925925923 0.06707175925925926
10 0.8844965277777778 0.3926793981481482 0.07115740740740754 0.07855324074074073
10 0.9740335648148148 0.3658449074074074 0.01369212962962969 0.053449074074074066
10 0.9572974537037038 0.41782407407407407 0.04197916666666686 0.05740740740740744
10 0.7376215277777778 0.39703125000000006 0.07824074074074083 0.06472222222222221
10 0.6393692129629629 0.4264641203703704 0.07288194444444436 0.08172453703703705
10 0.4915393518518519 0.4191435185185185 0.06563657407407408 0.09243055555555557
10 0.41202546296296294 0.4332002314814815 0.05873842592592595 0.07974537037037029
10 0.1992534722222222 0.4597858796296296 0.07263888888888888 0.07703703703703706
10 0.02152199074074074 0.5021296296296296 0.04304398148148148 0.07699074074074072
10 0.0515625 0.525005787037037 0.0713425925925926 0.05203703703703706
10 0.14300925925925925 0.5215162037037038 0.0746296296296296 0.05525462962962955
10 0.16760995370370368 0.5886516203703704 0.07880787037037038 0.07565972222222221
10 0.07559606481481482 0.6030787037037036 0.07775462962962962 0.055347222222222214
10 0.009241898148148148 0.6414467592592592 0.018483796296296297 0.07023148148148159
10 0.012118055555555554 0.7350347222222222 0.024236111111111108 0.05805555555555557
10 0.06088541666666667 0.7213020833333333 0.06819444444444445 0.08158564814814824
10 0.0595949074074074 0.8063657407407409 0.06943287037037038 0.07538194444444449
10 0.1447858796296296 0.7429976851851852 0.09567129629629631 0.06991898148148153
10 0.12720486111111112 0.6608333333333334 0.056180555555555546 0.09059027777777776
10 0.17461805555555557 0.6641087962962964 0.08613425925925924 0.0665162037037037
10 0.17261574074074074 0.838119212962963 0.06374999999999997 0.08613425925925924
10 0.4158159722222222 0.706105324074074 0.07988425925925924 0.06633101851851855
10 0.3097511574074074 0.52515625 0.041631944444444444 0.08079861111111111
10 0.4262037037037037 0.5809895833333333 0.08726851851851851 0.08839120370370371
10 0.4617708333333333 0.5268923611111112 0.09222222222222207 0.06357638888888886
10 0.590480324074074 0.587042824074074 0.0749305555555555 0.0911458333333334
10 0.5494675925925925 0.670943287037037 0.0654745370370371 0.08930555555555557
10 0.47050925925925924 0.7645486111111112 0.052569444444444356 0.08112268518518526
10 0.6010185185185185 0.7599016203703703 0.0832523148148148 0.07111111111111121
10 0.6633564814814814 0.5505613425925926 0.05585648148148152 0.08434027777777775
10 0.6633738425925926 0.6254456018518518 0.08521990740740737 0.07896990740740736
10 0.7314236111111111 0.6218692129629629 0.05865740740740755 0.07818287037037042
10 0.7597395833333334 0.4970023148148148 0.05421296296296294 0.08273148148148142
10 0.8281828703703704 0.576099537037037 0.0717245370370371 0.08949074074074073
10 0.8103530092592592 0.43855902777777783 0.07355324074074084 0.06458333333333321
10 0.9176793981481481 0.6553530092592592 0.05348379629629605 0.06866898148148141
10 0.7719618055555555 0.6674710648148148 0.09567129629629641 0.06991898148148153
10 0.8590335648148149 0.7483564814814814 0.0810416666666665 0.05856481481481488
10 0.8601967592592592 0.8161863425925926 0.057499999999999926 0.0859490740740739
10 0.7373842592592592 0.7777025462962962 0.08406249999999993 0.08673611111111121
10 0.7432233796296297 0.8305729166666668 0.061863425925925954 0.0798379629629629
10 0.6903530092592594 0.7369733796296296 0.06843749999999993 0.08627314814814824
10 0.6442997685185186 0.8428645833333335 0.09138888888888896 0.07759259259259252
10 0.5596875 0.9101157407407406 0.05962962962962966 0.09693287037037024
10 0.28063078703703703 0.9363252314814815 0.08974537037037038 0.07598379629629619
10 0.9850752314814816 0.07767939814814814 0.020937500000000143 0.042743055555555555