8 0.37358217592592596 0.24880208333333337 0.02385416666666664 0.0296875
8 0.545625 0.19588541666666667 0.04099537037037031 0.027708333333333356
8 0.7814872685185185 0.22786458333333331 0.03469907407407398 0.024166666666666715
8 0.7880902777777777 0.19848958333333333 0.02856481481481481 0.03156249999999998
8 0.8120543981481483 0.1796875 0.02543981481481481 0.03135416666666666
8 0.977835648148148 0.12640625 0.025509259259259308 0.03604166666666666
8 0.8530092592592592 0.04088541666666667 0.028518518518518478 0.028437499999999994
8 0.8921990740740741 0.8914583333333332 0.02224537037037031 0.026458333333333427
8 0.8888020833333332 0.92609375 0.023807870370370667 0.0265625
8 0.4809085648148148 0.9478125000000001 0.01912037037037031 0.02624999999999993
8 0.9790219907407408 0.8927083333333334 0.028634259259258953 0.036250000000000074