0 0.12711805555555555 0.19260416666666666 0.04312499999999999 0.04499999999999997
0 0.15822916666666667 0.07864583333333333 0.033819444444444444 0.04750000000000001
0 0.36843750000000003 0.06697916666666666 0.03802083333333339 0.025937499999999992
0 0.5575694444444445 0.0037239583333333326 0.025868055555555537 0.007447916666666665
0 0.6816840277777778 0.11494791666666666 0.03961805555555564 0.027604166666666697
0 0.5927256944444445 0.19598958333333333 0.030451388888888785 0.036354166666666646
0 0.7133680555555555 0.37885416666666666 0.04309027777777778 0.04343750000000002
0 0.7151736111111111 0.42489583333333336 0.019583333333333286 0.03874999999999993
0 0.9697048611111111 0.3656770833333333 0.024270833333333287 0.0390625
0 0.9707638888888889 0.09645833333333334 0.024236111111111215 0.0375
0 0.2888368055555556 0.7099479166666667 0.03961805555555555 0.027604166666666607
0 0.35751736111111115 0.6318229166666667 0.03329861111111114 0.024062499999999966
0 0.5469270833333333 0.7052604166666667 0.019548611111111214 0.03718749999999993
0 0.6153993055555556 0.86421875 0.036388888888888894 0.022708333333333285
0 0.47586805555555556 0.8876041666666665 0.03673611111111121 0.03833333333333329
0 0.5889930555555556 0.9434374999999999 0.030381944444444465 0.03322916666666664