0 0.64921875 0.4421875 0.0734375 0.08125
0 0.76640625 0.3109375 0.0640625 0.065625
0 0.7265625 0.4296875 0.040625 0.078125
0 0.834375 0.8453125 0.05 0.075
0 0.7328125 0.834375 0.05 0.0375
0 0.4765625 0.63359375 0.075 0.0546875
0 0.459375 0.559375 0.059375 0.034375
0 0.22421875 0.4203125 0.0609375 0.05625
0 0.44609375 0.2265625 0.0765625 0.06875
0 0.27890625 0.15625 0.0671875 0.065625
0 0.14765625 0.0515625 0.0609375 0.053125
0 0.0171875 0.26875 0.034375 0.06875
0 0.0375 0.60859375 0.075 0.0546875
0 0.0765625 0.921875 0.059375 0.10625