0 0.278125 0.1625 0.075 0.06875
0 0.52265625 0.27890625 0.0390625 0.0859375
0 0.78828125 0.11640625 0.0765625 0.0578125
0 0.70234375 0.26171875 0.0515625 0.0859375
0 0.76640625 0.31328125 0.0984375 0.0765625
0 0.66015625 0.4765625 0.1015625 0.08125
0 0.7875 0.43828125 0.04375 0.0828125
0 0.88125 0.59921875 0.05 0.0765625
0 0.54609375 0.5375 0.0421875 0.090625
0 0.36015625 0.54453125 0.0859375 0.0640625
0 0.0421875 0.6703125 0.046875 0.08125
0 0.14375 0.74140625 0.05 0.0734375
0 0.31796875 0.79921875 0.0546875 0.0796875
0 0.0546875 0.90390625 0.053125 0.0578125
0 0.96640625 0.71484375 0.0671875 0.0671875