10 0.1278125 0.5917013888888889 0.07381944444444444 0.06615740740740747
10 0.024230324074074074 0.4557465277777778 0.04846064814814815 0.06909722222222214
10 0.12611111111111112 0.49088541666666663 0.07689814814814815 0.06461805555555564
10 0.04076967592592593 0.3910127314814815 0.060266203703703704 0.08324074074074073
10 0.07151041666666666 0.30293981481481486 0.05406249999999999 0.0847569444444444
10 0.1321412037037037 0.3401157407407408 0.03806712962962964 0.07214120370370374
10 0.1795659722222222 0.34828125 0.055486111111111125 0.08008101851851848
10 0.04927662037037037 0.2621412037037037 0.05773148148148148 0.050416666666666644
10 0.008749999999999999 0.2805613425925926 0.017499999999999998 0.054872685185185156
10 0.05251157407407407 0.17933449074074076 0.07087962962962964 0.07238425925925926
10 0.10720486111111112 0.15317129629629628 0.042893518518518504 0.0768634259259259
10 0.16375578703703703 0.14343171296296298 0.06398148148148146 0.05046296296296297
10 0.2856134259259259 0.22403935185185184 0.06715277777777776 0.05204861111111114
10 0.3528530092592593 0.19640624999999998 0.06265046296296299 0.05826388888888889
10 0.4572685185185185 0.17998842592592595 0.07262731481481488 0.0786458333333333
10 0.5839004629629629 0.49505787037037036 0.06637731481481488 0.07859953703703706
10 0.6752256944444445 0.5512152777777778 0.04123842592592588 0.0737268518518519
10 0.608125 0.6796527777777778 0.07115740740740736 0.08175925925925931
10 0.740306712962963 0.6228067129629629 0.08438657407407409 0.053738425925925884
10 0.8238888888888887 0.5710706018518519 0.03682870370370352 0.08306712962962966
10 0.8742592592592594 0.5589409722222223 0.05700231481481453 0.07853009259259255
10 0.935792824074074 0.5656481481481481 0.09656249999999993 0.042893518518518546
10 0.8516550925925926 0.6361342592592593 0.06577546296296291 0.05828703703703706
10 0.8413425925925925 0.7204513888888888 0.049374999999999857 0.08472222222222214
10 0.9084432870370371 0.6975057870370371 0.06738425925925924 0.05986111111111114
10 0.9658101851851851 0.6338541666666667 0.0327314814814816 0.05023148148148149
10 0.9323900462962964 0.7859837962962962 0.08888888888888857 0.047523148148148134
10 0.8862094907407407 0.8676909722222224 0.08608796296296291 0.05843750000000014
10 0.9152372685185185 0.9429224537037036 0.054467592592592595 0.04570601851851848
10 0.8169212962962963 0.91171875 0.0689004629629629 0.05831018518518505
10 0.7576273148148148 0.8557986111111111 0.055532407407407544 0.08164351851851848
10 0.6632175925925926 0.29716435185185186 0.0613657407407409 0.0676273148148148
10 0.7790219907407407 0.42383101851851845 0.08443287037037042 0.05530092592592593
10 0.9324247685185185 0.3100983796296296 0.08953703703703723 0.06939814814814813
10 0.8335416666666667 0.35078125 0.05980324074074091 0.06761574074074073
10 0.8090451388888888 0.2544849537037037 0.04918981481481488 0.07847222222222214
10 0.7281423611111111 0.24216435185185184 0.07505787037037041 0.05523148148148156
10 0.7372916666666667 0.11798611111111112 0.052453703703703704 0.0831828703703704
10 0.8161631944444444 0.17248842592592592 0.06164351851851855 0.07700231481481482
10 0.9102314814814815 0.08332175925925925 0.08002314814814823 0.0646412037037037
10 0.9515104166666667 0.1406712962962963 0.027268518518518546 0.07674768518518515
10 0.8458449074074075 0.09378472222222221 0.06435185185185191 0.06296296296296296
10 0.8486805555555555 0.0508275462962963 0.08401620370370359 0.04123842592592593
10 0.7943749999999999 0.09027777777777776 0.07041666666666657 0.056759259259259266
10 0.7478819444444444 0.02429398148148148 0.07298611111111111 0.03803240740740741
10 0.638761574074074 0.014890046296296297 0.07872685185185198 0.020891203703703703
10 0.6776099537037037 0.04877893518518518 0.07023148148148159 0.050509259259259254
10 0.6547800925925926 0.10721643518518517 0.048958333333333215 0.07065972222222223
10 0.5544502314814815 0.1439814814814815 0.04454861111111121 0.07999999999999999
10 0.5682754629629629 0.07297453703703705 0.06922453703703706 0.06924768518518518
10 0.589837962962963 0.0309375 0.06825231481481478 0.03643518518518518
10 0.5250405092592592 0.028894675925925928 0.062418981481481596 0.05045138888888889
10 0.5108217592592593 0.11318287037037038 0.05681712962962955 0.07228009259259258
10 0.4684606481481481 0.06598379629629629 0.07685185185185191 0.06305555555555556
10 0.4097685185185185 0.09524305555555555 0.0587037037037037 0.08322916666666666
10 0.4087731481481482 0.023344907407407404 0.08226851851851857 0.034976851851851856
10 0.3450289351851852 0.03850115740740741 0.05616898148148151 0.05040509259259259
10 0.26936921296296296 0.11295717592592594 0.042893518518518546 0.0768634259259259
10 0.2972048611111111 0.07018518518518518 0.05994212962962964 0.07230324074074075
10 0.21338541666666666 0.05081018518518519 0.04201388888888893 0.04717592592592592
10 0.19956597222222222 0.09524884259259259 0.0763425925925926 0.04586805555555555
10 0.0652662037037037 0.06534143518518518 0.07652777777777778 0.052118055555555556
10 0.00759837962962963 0.0906886574074074 0.01519675925925926 0.0470023148148148