0 0.6297511574074074 0.49432291666666667 0.05981481481481481 0.07249999999999997
0 0.6993229166666667 0.28651041666666666 0.08258101851851851 0.0911458333333334
0 0.11770833333333333 0.043125000000000004 0.10208333333333335 0.076875
0 0.18475694444444443 0.18635416666666665 0.07002314814814818 0.05916666666666668
0 0.15431712962962965 0.3803125 0.060138888888888874 0.07875000000000006
0 0.04630787037037036 0.8607291666666667 0.06622685185185184 0.07604166666666679
0 0.4594155092592592 0.7706770833333334 0.07395833333333321 0.075
0 0.8002314814814815 0.8804166666666667 0.10364583333333321 0.07697916666666664
0 0.7845023148148148 0.6394791666666666 0.07188657407407409 0.09510416666666668
0 0.8773842592592593 0.269375 0.08546296296296277 0.08666666666666671
0 0.8784143518518519 0.1134375 0.08031250000000015 0.047395833333333345