6 0.6365104166666666 0.38109375 0.07281250000000003 0.10927083333333334
6 0.8459375 0.6548958333333333 0.06843749999999993 0.09045138888888893
6 0.77515625 0.7542534722222223 0.08218749999999986 0.08607638888888883
6 0.47130208333333334 0.3359548611111111 0.07781249999999992 0.09065972222222225
6 0.5259375000000001 0.39663194444444444 0.07124999999999986 0.0624305555555555
6 0.4161458333333333 0.2009375 0.09197916666666668 0.06913194444444448
6 0.41109375000000004 0.13588541666666668 0.07062500000000002 0.07645833333333334
6 0.378125 0.09055555555555556 0.10479166666666676 0.050694444444444445
6 0.3665625 0.06447916666666667 0.071875 0.025
8 0.8268229166666666 0.4369618055555556 0.06395833333333342 0.09347222222222218
8 0.8636458333333333 0.44795138888888886 0.05510416666666664 0.07767361111111111