8 0.8157118055555556 0.004875578703703698 0.027662037037037023 0.009751157407407396
8 0.8209780092592591 0.024652777777777767 0.03547453703703738 0.03836805555555556
8 0.7230034722222223 0.10960648148148149 0.0331018518518519 0.027314814814814802
8 0.8241319444444445 0.11843171296296295 0.030208333333333216 0.030208333333333347
8 0.7916377314814815 0.16901041666666666 0.0331018518518519 0.027314814814814792
8 0.8617476851851851 0.659519675925926 0.02719907407407405 0.0315393518518519
8 0.711863425925926 0.6061342592592592 0.03368055555555571 0.03512731481481488
8 0.6628472222222223 0.6385127314814815 0.033912037037037025 0.03825231481481488
8 0.8961805555555555 0.6561921296296296 0.03692129629629619 0.03692129629629619
8 0.8908275462962962 0.6969907407407407 0.024074074074074046 0.031307870370370416
8 0.9160590277777778 0.8178819444444443 0.03489583333333357 0.030555555555555714
8 0.9394675925925927 0.6801793981481481 0.011805555555555713 0.033506944444444284
8 0.8650752314814815 0.6250868055555555 0.03587962962962976 0.02285879629629619
8 0.9380787037037036 0.5101273148148148 0.032349537037037024 0.038136574074074045