8 0.87890625 0.10078125 0.0203125 0.0328125
8 0.88203125 0.1359375 0.028125 0.0328125
8 0.7796875 0.2 0.02890625 0.021875
8 0.87890625 0.23046875 0.02421875 0.02421875
8 0.84375 0.27421875 0.028125 0.021875
8 0.8796875 0.7828125 0.02109375 0.02734375
8 0.7359375 0.696875 0.02734375 0.0296875
8 0.68515625 0.71953125 0.0265625 0.03203125
8 0.9140625 0.78671875 0.0296875 0.03125
8 0.90625 0.8265625 0.01875 0.028125
8 0.92265625 0.95390625 0.0296875 0.025
8 0.96328125 0.821875 0.0203125 0.03046875
8 0.88515625 0.74921875 0.03203125 0.015625
8 0.96484375 0.64921875 0.02578125 0.03203125