0 0.37696759259259255 0.09708333333333333 0.09380787037037042 0.09063657407407408
0 0.5897280092592594 0.2621701388888889 0.06284722222222214 0.09682870370370367
0 0.8856770833333332 0.1583738425925926 0.09184027777777785 0.0796180555555556
0 0.7689525462962964 0.2826215277777778 0.07546296296296298 0.1006018518518518
0 0.819849537037037 0.3465162037037037 0.11932870370370381 0.10599537037037035
0 0.680150462962963 0.4844791666666667 0.12262731481481488 0.11084490740740734
0 0.8128182870370371 0.4736863425925926 0.06741898148148166 0.09394675925925924
0 0.8686921296296297 0.6508217592592593 0.07199074074074048 0.0910648148148148
0 0.55546875 0.5206886574074074 0.0677083333333334 0.10175925925925924
0 0.3719039351851852 0.4887210648148148 0.103125 0.08956018518518523
0 0.04363425925925926 0.5440972222222222 0.050231481481481474 0.09305555555555553
0 0.11747685185185186 0.6357638888888889 0.0703125 0.08785879629629641
0 0.27436342592592594 0.7293865740740741 0.07679398148148149 0.09443287037037038
0 0.9252025462962962 0.7817418981481481 0.08587962962962976 0.08710648148148152