0 0.3228125 0.2386111111111111 0.03791666666666664 0.02979166666666666
0 0.3443518518518519 0.2602951388888889 0.041018518518518475 0.02836805555555557
0 0.39882523148148147 0.013385416666666667 0.03488425925925922 0.026770833333333334
0 0.16896412037037037 0.5577430555555556 0.05050925925925922 0.03659722222222221
0 0.6253587962962963 0.7911979166666667 0.04894675925925931 0.036527777777777715
8 0.2688194444444444 0.6157638888888889 0.025416666666666643 0.02923611111111111
8 0.13439814814814816 0.4140625 0.03476851851851852 0.02809027777777775
8 0.18530092592592592 0.4563020833333333 0.020636574074074064 0.022777777777777786
8 0.6271006944444444 0.4101215277777778 0.02856481481481481 0.030937499999999972
8 0.7539351851851852 0.43883680555555554 0.02385416666666664 0.029166666666666608
8 0.8196874999999999 0.5327256944444445 0.02686342592592581 0.02149305555555543
8 0.8172974537037037 0.6413541666666667 0.03157407407407398 0.023263888888888928
8 0.2950405092592593 0.47953124999999996 0.03481481481481481 0.03121527777777793