0 0.12387152777777777 0.18651041666666668 0.04273148148148147 0.0409259259259259
0 0.16708333333333333 0.07607638888888889 0.033518518518518545 0.04398148148148149
0 0.3759722222222222 0.08390046296296297 0.037071759259259277 0.022141203703703694
0 0.5720601851851852 0.022314814814814815 0.02538194444444457 0.037673611111111116
0 0.6812152777777778 0.1612962962962963 0.04027777777777786 0.02372685185185186
0 0.583738425925926 0.23386574074074074 0.031388888888889 0.033032407407407406
0 0.6838078703703704 0.42758101851851854 0.04265046296296297 0.03936342592592599
0 0.6806365740740741 0.47368055555555555 0.01905092592592581 0.03606481481481474
0 0.9394097222222222 0.4381828703703704 0.02373842592592581 0.036099537037036986
0 0.969710648148148 0.1700925925925926 0.02373842592592581 0.036099537037037034
0 0.22749421296296296 0.7183506944444444 0.038715277777777765 0.023715277777777644
0 0.30461805555555554 0.6467129629629629 0.03238425925925927 0.022106481481481487
0 0.48343171296296295 0.7375405092592592 0.018969907407407404 0.034502314814814736
0 0.53421875 0.9027256944444444 0.03690972222222229 0.019016203703703737
0 0.39388888888888884 0.913136574074074 0.036238425925925896 0.03619212962962948
0 0.4997800925925926 0.9795138888888889 0.031307870370370416 0.031469907407407405