10 0.06878472222222222 0.3947511574074074 0.0615162037037037 0.0642129629629629
10 0.6257233796296295 0.27103009259259264 0.09653935185185177 0.07616898148148152
10 0.7321875 0.44318287037037035 0.05444444444444443 0.07648148148148141
10 0.4997106481481481 0.7991203703703704 0.06123842592592581 0.059525462962962905
10 0.6892534722222223 0.31297453703703704 0.06032407407407412 0.07041666666666675
10 0.7783969907407406 0.2852893518518519 0.07126157407407412 0.07074074074074073
10 0.8367418981481481 0.34538773148148144 0.10268518518518518 0.04827546296296301
10 0.8627777777777776 0.40174768518518517 0.05526620370370381 0.06402777777777788
10 0.9244039351851852 0.3983564814814815 0.05398148148148145 0.06866898148148141
10 0.9401851851851852 0.3344965277777778 0.04415509259259274 0.08709490740740744
10 0.8923842592592592 0.21460648148148148 0.055636574074074116 0.07027777777777777
10 0.8057581018518519 0.2187384259259259 0.08854166666666652 0.07281250000000003
10 0.6693460648148148 0.18834490740740742 0.09450231481481489 0.04179398148148143
10 0.5817129629629629 0.20189814814814816 0.0819212962962963 0.06637731481481479
10 0.7098668981481481 0.05331597222222223 0.051041666666666784 0.07170138888888891
10 0.7332465277777778 0.13088541666666667 0.09423611111111115 0.06362268518518518
10 0.6870486111111112 0.006281828703703704 0.059386574074074085 0.012563657407407409
10 0.8086631944444445 0.036244212962962964 0.0752199074074074 0.07248842592592593
10 0.9683854166666667 0.01816550925925926 0.06322916666666671 0.03633101851851852
10 0.9640190972222221 0.11854166666666668 0.07196180555555572 0.061458333333333316
10 0.8284664351851851 0.1264988425925926 0.08798611111111114 0.06343750000000002
10 0.833454861111111 0.07861111111111112 0.07547453703703715 0.036550925925925924
10 0.9102256944444445 0.02703125 0.05709490740740719 0.04224537037037037
10 0.9546990740740741 0.2096296296296296 0.05729166666666678 0.07188657407407409
10 0.9703645833333333 0.24652777777777776 0.059270833333333425 0.07391203703703705
10 0.9898958333333333 0.44997106481481486 0.02020833333333343 0.05920138888888893
10 0.9948321759259258 0.5389872685185185 0.01033564814814838 0.062141203703703594