0 0.3140625 0.2625 0.03671875 0.0265625
0 0.33671875 0.284375 0.0390625 0.02421875
0 0.37421875 0.0328125 0.03203125 0.03203125
0 0.18125 0.58203125 0.0484375 0.03125
0 0.65390625 0.81171875 0.04609375 0.03125
8 0.28515625 0.63984375 0.02421875 0.02734375
8 0.13671875 0.4390625 0.0328125 0.025
8 0.190625 0.48125 0.01875 0.0203125
8 0.63046875 0.43125 0.02734375 0.02890625
8 0.759375 0.459375 0.021875 0.02734375
8 0.83125 0.55234375 0.025 0.01875
8 0.8359375 0.6609375 0.03046875 0.0203125
8 0.30234375 0.503125 0.0328125 0.02734375