10 0.07465277777777779 0.3994502314814815 0.062442129629629625 0.06678240740740744
10 0.630005787037037 0.33414351851851853 0.09762731481481488 0.08026620370370363
10 0.7390625 0.516261574074074 0.05555555555555554 0.0787037037037038
10 0.5117476851851852 0.845949074074074 0.06209490740740744 0.06209490740740762
10 0.6941840277777778 0.3824074074074074 0.06134259259259256 0.0729166666666666
10 0.782957175925926 0.36412037037037037 0.07228009259259238 0.07372685185185182
10 0.8422164351851851 0.4298900462962963 0.10335648148148158 0.05271990740740744
10 0.8690972222222222 0.488599537037037 0.05619212962962976 0.06631944444444446
10 0.9307002314814815 0.4916087962962964 0.0549768518518519 0.0708912037037038
10 0.9455439814814814 0.4297743055555555 0.04542824074074083 0.08883101851851852
10 0.8959490740740741 0.3056712962962963 0.05665509259259238 0.07256944444444446
10 0.8093460648148149 0.3008101851851852 0.08958333333333321 0.0765625
10 0.6724247685185185 0.2564814814814815 0.09508101851851851 0.04589120370370372
10 0.5849537037037037 0.26087962962962963 0.08287037037037041 0.06984953703703703
10 0.7109664351851851 0.12647569444444445 0.05208333333333322 0.07378472222222224
10 0.7355034722222222 0.20598958333333334 0.09513888888888893 0.06765046296296298
10 0.687326388888889 0.06956018518518518 0.05978009259259274 0.030844907407407397
10 0.8094618055555556 0.11357060185185186 0.07644675925925917 0.0880208333333333
10 0.9684895833333332 0.11076388888888891 0.06302083333333357 0.054745370370370375
10 0.9648871527777778 0.21770833333333334 0.07022569444444429 0.0645833333333333
10 0.8307002314814815 0.2114872685185185 0.08888888888888893 0.0671875
10 0.8349826388888889 0.16440972222222222 0.07598379629629619 0.03981481481481479
10 0.9110243055555556 0.12109375 0.05769675925925917 0.04467592592592594
10 0.9582175925925928 0.30717592592592596 0.05833333333333357 0.07424768518518512
10 0.9721354166666668 0.34618055555555555 0.05572916666666643 0.07696759259259256
10 0.9932291666666668 0.551244212962963 0.01354166666666643 0.06128472222222214
10 0.9988136574074075 0.6404224537037038 0.0023726851851851192 0.06394675925925934