6 0.5898668981481482 0.3511342592592593 0.08145833333333333 0.11712962962962958
6 0.8959432870370371 0.5336226851851851 0.07621527777777785 0.09810185185185176
6 0.8713773148148147 0.6495601851851852 0.08706018518518518 0.09562500000000007
6 0.41803240740740744 0.36599537037037033 0.08412037037037035 0.10168981481481483
6 0.4928414351851852 0.4032986111111111 0.07547453703703706 0.0731018518518518
6 0.3116203703703704 0.25951388888888893 0.09601851851851854 0.08211805555555554
6 0.2797164351851852 0.20049189814814813 0.07584490740740737 0.08560185185185185
6 0.23052662037037036 0.1701851851851852 0.10649305555555558 0.06714120370370372
6 0.2092303240740741 0.1493576388888889 0.0712847222222222 0.03697916666666665
8 0.7898263888888889 0.33793981481481483 0.07005787037037034 0.10085648148148145
8 0.8282233796296297 0.33630208333333333 0.061736111111111214 0.08320601851851847