8 0.27421875 0.278125 0.0453125 0.046875
8 0.23359375 0.2984375 0.04140625 0.040625
8 0.28515625 0.36015625 0.04921875 0.02734375
8 0.334375 0.421875 0.0296875 0.04296875
8 0.3578125 0.45546875 0.03359375 0.0375
8 0.33125 0.5125 0.03203125 0.0328125
8 0.21484375 0.4546875 0.0359375 0.046875
8 0.1375 0.384375 0.0453125 0.03515625
8 0.0859375 0.36484375 0.0328125 0.03046875
8 0.0375 0.38359375 0.02734375 0.0296875
8 0.06171875 0.425 0.0390625 0.03125
8 0.07890625 0.45859375 0.059375 0.0265625
8 0.15 0.5015625 0.034375 0.03671875
8 0.14765625 0.46796875 0.0375 0.0296875
8 0.12265625 0.5421875 0.0546875 0.0296875
8 0.19140625 0.5484375 0.034375 0.03671875
8 0.17109375 0.59921875 0.0296875 0.03125
8 0.2140625 0.58671875 0.0234375 0.04453125
8 0.26484375 0.53125 0.02734375 0.03828125