0 0.4526215277777778 0.6836111111111112 0.04010416666666679 0.024305555555555535
0 0.6111805555555556 0.8619618055555556 0.037673611111111074 0.039861111111111215
0 0.25109375 0.8906423611111112 0.026666666666666748 0.03805555555555529
0 0.3706423611111111 0.9804600694444445 0.02524305555555557 0.03907986111111086
0 0.3990104166666667 0.9875868055555556 0.03357638888888879 0.017916666666666713
0 0.18777777777777777 0.6426041666666666 0.02972222222222225 0.03656249999999996
0 0.05953125 0.19800347222222223 0.02503472222222223 0.0364583333333333
0 0.5305034722222223 0.5393923611111111 0.03121527777777775 0.03503472222222222
0 0.6569965277777777 0.3650347222222222 0.04208333333333343 0.03371527777777779
0 0.7286979166666667 0.04663194444444445 0.02156249999999993 0.02857638888888888
0 0.9642881944444444 0.0440625 0.03128472222222243 0.036597222222222225
0 0.9868229166666665 0.3209722222222222 0.026354166666666855 0.027361111111111124
0 0.06998263888888889 0.9599826388888889 0.04093749999999999 0.043055555555555715
0 0.7723611111111112 0.8007638888888888 0.03284722222222207 0.03663194444444438
0 0.8871354166666666 0.836875 0.02694444444444457 0.04430555555555564
0 0.9420486111111112 0.7553645833333333 0.037256944444444426 0.030486111111111037