0 0.06479166666666666 0.09340277777777777 0.03979166666666667 0.034652777777777775
0 0.22296875 0.14689236111111112 0.03270833333333334 0.022106481481481487
0 0.3115104166666667 0.2802951388888889 0.044062500000000074 0.051863425925925896
0 0.42078125 0.3381076388888889 0.04604166666666672 0.03469907407407406
0 0.39484375 0.3589988425925926 0.0296875 0.02364583333333332
0 0.2577083333333333 0.398587962962963 0.02802083333333334 0.045497685185185155
0 0.22255208333333334 0.31633680555555554 0.03260416666666668 0.0439699074074074
0 0.16317708333333333 0.3744618055555556 0.03499999999999996 0.033055555555555574
0 0.08453125 0.5300520833333333 0.033750000000000016 0.03773148148148149
0 0.19598958333333333 0.5855381944444444 0.05125000000000002 0.0425462962962964
0 0.12104166666666667 0.6326157407407408 0.03968750000000001 0.03309027777777782
0 0.09546875 0.6706886574074075 0.03874999999999999 0.042453703703703737
0 0.13614583333333335 0.8006134259259259 0.04135416666666667 0.034664351851851904
0 0.1940625 0.9431597222222223 0.04166666666666665 0.0393518518518519
0 0.5283854166666666 0.324068287037037 0.04468749999999986 0.03781250000000007
0 0.59859375 0.2761747685185185 0.03031250000000014 0.03302083333333332
0 0.7100520833333334 0.10911458333333332 0.03166666666666664 0.029907407407407403
0 0.9294270833333332 0.14353587962962963 0.039270833333333144 0.026840277777777775
0 0.9112500000000001 0.24569444444444444 0.03260416666666686 0.02054398148148149
0 0.8103125 0.24260416666666665 0.04239583333333315 0.02686342592592599
0 0.7952083333333333 0.29715277777777777 0.03770833333333332 0.026828703703703737
0 0.7580729166666667 0.34919560185185183 0.040625 0.023726851851851905
0 0.898125 0.31821759259259264 0.033645833333333285 0.03616898148148149
10 0.8756770833333334 0.4031655092592593 0.025937499999999857 0.037673611111111074
10 0.9453125 0.38181712962962966 0.03197916666666671 0.03459490740740741
10 0.9252083333333333 0.3965046296296296 0.025833333333333285 0.03611111111111116
10 0.96453125 0.29528356481481477 0.0390625 0.02371527777777782
10 0.9936458333333335 0.36506944444444445 0.012708333333333145 0.018981481481481488
10 0.9938020833333333 0.3845543981481481 0.012395833333333429 0.025150462962962906
10 0.9998437499999999 0.4143402777777778 0.0003125000000000711 0.02675925925925924
10 0.9740104166666667 0.4374710648148149 0.04052083333333343 0.022164351851851904
10 0.995390625 0.46348958333333334 0.009218750000000142 0.01743055555555557
10 0.9933072916666668 0.5048148148148148 0.013385416666666572 0.037673611111111074
10 0.9691145833333333 0.5045891203703704 0.025729166666666713 0.03454861111111107
10 0.9432291666666668 0.4676967592592593 0.04093749999999972 0.028414351851851906
10 0.9376562499999999 0.5012326388888889 0.03020833333333357 0.031458333333333324
10 0.9053125 0.4728819444444444 0.029270833333333357 0.04082175925925924
10 0.840625 0.43960648148148146 0.03874999999999993 0.01902777777777782
10 0.8431770833333335 0.39589699074074075 0.03458333333333315 0.026805555555555572
10 0.8064583333333333 0.41905092592592597 0.022812499999999857 0.037650462962962906
10 0.7747916666666667 0.40085648148148145 0.043020833333333286 0.036238425925925986
10 0.7233333333333334 0.425462962962963 0.028749999999999963 0.03300925925925924
10 0.7569270833333334 0.4491377314814815 0.033333333333333395 0.031481481481481485
10 0.860625 0.4819212962962963 0.024166666666666715 0.03453703703703699
0 0.803125 0.46275462962962965 0.028645833333333214 0.03144675925925924
10 0.5982291666666667 0.38783564814814814 0.044166666666666646 0.030000000000000072
10 0.5558333333333334 0.39611111111111114 0.03802083333333321 0.03151620370370374
10 0.6275000000000001 0.44037037037037036 0.03739583333333343 0.02214120370370374
10 0.6786979166666667 0.43528356481481484 0.02624999999999993 0.04236111111111107
10 0.6961979166666666 0.41667245370370376 0.03677083333333329 0.03619212962962952
10 0.6771874999999999 0.47119212962962964 0.03197916666666671 0.03459490740740741
10 0.6365624999999999 0.48260416666666667 0.033749999999999857 0.03773148148148149
10 0.6014062499999999 0.47063078703703703 0.03562499999999993 0.019004629629629656
10 0.5553645833333334 0.43593171296296296 0.03822916666666672 0.034641203703703737
10 0.5208854166666667 0.4458275462962963 0.02624999999999993 0.04236111111111107
10 0.5276041666666667 0.4763310185185185 0.04562500000000007 0.028449074074073977
10 0.44546875 0.48587384259259264 0.03916666666666657 0.025277777777777642
10 0.51296875 0.5261979166666666 0.03375000000000004 0.03773148148148149
10 0.5484895833333333 0.5319270833333334 0.03604166666666657 0.025254629629629655
10 0.5750520833333332 0.4969849537037037 0.022604166666666713 0.034525462962962904
10 0.6192708333333334 0.5043402777777778 0.035104166666666714 0.03461805555555557
10 0.6566666666666666 0.5381944444444444 0.0265625 0.023622685185185156
10 0.6896875 0.5064236111111111 0.02937499999999993 0.04238425925925924
10 0.7308854166666666 0.4801793981481481 0.03770833333333332 0.026828703703703737
10 0.7694791666666666 0.4968634259259259 0.04041666666666668 0.020601851851851906
10 0.7519791666666666 0.515474537037037 0.04052083333333343 0.022164351851851904
10 0.8169270833333332 0.5175173611111111 0.022812499999999857 0.037650462962962906
10 0.79734375 0.5400173611111111 0.03729166666666668 0.020578703703703738
10 0.8564062499999998 0.5357696759259258 0.039270833333333144 0.026840277777777644
10 0.9025520833333334 0.560318287037037 0.025104166666666573 0.02517361111111107
10 0.93125 0.5574074074074075 0.033333333333333215 0.031481481481481485
10 0.9651041666666667 0.5498495370370371 0.022604166666666713 0.034525462962962904
10 0.9802083333333332 0.6241435185185186 0.03343750000000014 0.03304398148148149
10 0.9289583333333333 0.6050231481481482 0.03958333333333357 0.03152777777777782
10 0.9379166666666666 0.6456944444444443 0.03614583333333314 0.026817129629629476
10 0.9793749999999999 0.6819212962962963 0.021041666666666715 0.03451388888888882
10 0.9571354166666666 0.7114293981481481 0.024062500000000143 0.03297453703703716
10 0.9241666666666667 0.6854166666666666 0.02156249999999993 0.042326388888889
10 0.89578125 0.6813020833333333 0.04208333333333343 0.02217592592592581
10 0.84453125 0.6387557870370371 0.03874999999999993 0.019027777777777644
10 0.9066666666666666 0.6220370370370369 0.034895833333333216 0.03149305555555557
10 0.8559895833333332 0.5763715277777778 0.03312499999999972 0.02835648148148149
10 0.7992708333333334 0.5689236111111111 0.04354166666666668 0.02062500000000007
10 0.8038541666666668 0.6025347222222223 0.020729166666666642 0.029826388888889
10 0.7563541666666667 0.569386574074074 0.022916666666666606 0.03921296296296291
10 0.6944791666666666 0.5548726851851852 0.02364583333333332 0.026724537037037165
10 0.7058854166666666 0.5854108796296297 0.021041666666666715 0.034513888888889
10 0.73984375 0.6262673611111111 0.01822916666666661 0.03917824074074083
10 0.7366145833333333 0.6481076388888889 0.03572916666666668 0.020567129629629654
10 0.78078125 0.6663946759259259 0.04083333333333332 0.026851851851851904
10 0.8318229166666666 0.6823900462962963 0.030624999999999857 0.03770833333333332
10 0.6413020833333334 0.5654108796296297 0.04375 0.02375000000000007
10 0.5953125 0.5549189814814814 0.03427083333333343 0.02211805555555557
10 0.5590104166666666 0.5491840277777778 0.0328125 0.02366898148148149
10 0.57203125 0.5688020833333334 0.030729166666666786 0.015844907407407405
10 0.5853645833333333 0.6048206018518518 0.022708333333333285 0.036087962962962905
10 0.6188541666666667 0.6269328703703704 0.029479166666666678 0.02052083333333332
10 0.65671875 0.6092534722222223 0.04041666666666668 0.020601851851851906
10 0.701875 0.6423842592592592 0.03291666666666657 0.025231481481481487
10 0.6910416666666667 0.6672916666666666 0.025833333333333285 0.03611111111111107
10 0.6472916666666666 0.6552546296296297 0.04093750000000007 0.028414351851851906
10 0.5205208333333333 0.5692013888888889 0.035833333333333425 0.022129629629629655
10 0.47197916666666667 0.5555671296296296 0.03197916666666671 0.03459490740740741
10 0.43864583333333335 0.5123726851851852 0.03458333333333332 0.026805555555555572
10 0.4153645833333333 0.5145428240740741 0.034791666666666644 0.02993055555555557
10 0.38359375 0.5064988425925926 0.030208333333333302 0.031458333333333324
10 0.359375 0.49460648148148145 0.025729166666666713 0.03454861111111107
10 0.39421875 0.44332754629629634 0.03583333333333325 0.022129629629629655
10 0.339375 0.5577083333333334 0.03291666666666675 0.025231481481481487
10 0.33291666666666664 0.5076851851851851 0.027500000000000035 0.037685185185185155
10 0.3193229166666667 0.47947337962962966 0.028125 0.023634259259259237
10 0.29041666666666666 0.5143981481481481 0.03833333333333329 0.03620370370370374
10 0.31057291666666664 0.570769675925926 0.03249999999999993 0.018981481481481488
10 0.306875 0.5855787037037038 0.04364583333333334 0.022187500000000072
10 0.3670833333333333 0.5868055555555556 0.027500000000000035 0.037685185185185155
10 0.3909375 0.5698032407407407 0.030729166666666606 0.0392708333333335
10 0.4461458333333333 0.5663078703703703 0.040625 0.023726851851851905
10 0.4451041666666667 0.5975347222222223 0.030416666666666713 0.03458333333333332
10 0.39921875 0.61203125 0.04614583333333329 0.036261574074073974
10 0.31359375 0.6277951388888889 0.04072916666666675 0.025289351851851903
10 0.2580729166666667 0.6148900462962963 0.04124999999999997 0.0331018518518519
10 0.2666666666666667 0.6383796296296296 0.03770833333333332 0.026828703703703737
10 0.26687500000000003 0.6766435185185184 0.03291666666666675 0.025231481481481487
10 0.23979166666666668 0.6686342592592592 0.02833333333333332 0.02675925925925924
10 0.3052083333333333 0.6894212962962963 0.03770833333333332 0.026828703703703737
10 0.37171875 0.6797627314814815 0.03822916666666672 0.034641203703703737
10 0.41296875 0.6542997685185185 0.021666666666666678 0.043888888888889
10 0.4541666666666666 0.6514814814814816 0.031145833333333428 0.022094907407407403
10 0.47401041666666666 0.6328877314814815 0.021250000000000036 0.037638888888889
10 0.5032291666666666 0.6260763888888888 0.022812500000000034 0.037650462962962906
10 0.5229687500000001 0.6527719907407408 0.03895833333333343 0.02215277777777782
10 0.48036458333333326 0.6813483796296296 0.02666666666666657 0.025185185185185154
10 0.4315104166666666 0.6981655092592594 0.03864583333333336 0.040891203703703735
0 0.32901041666666664 0.7419155092592593 0.04395833333333332 0.026875000000000072
0 0.31296875 0.8643923611111111 0.03781250000000007 0.028391203703703738
0 0.4015625 0.8814467592592592 0.038124999999999964 0.033078703703703735
10 0.2072395833333333 0.6957233796296296 0.03583333333333334 0.022129629629629655
10 0.24317708333333332 0.7311284722222222 0.0328125 0.02366898148148149
10 0.26578125 0.7539409722222222 0.025624999999999964 0.03298611111111107
10 0.31921875 0.7824479166666667 0.025624999999999964 0.03298611111111107
10 0.2822916666666667 0.8141898148148148 0.03489583333333339 0.03149305555555557
10 0.38458333333333333 0.7673148148148148 0.030312499999999964 0.03302083333333332
10 0.3708854166666667 0.8078182870370372 0.019583333333333286 0.03606481481481474
10 0.3489583333333333 0.8303009259259259 0.041145833333333395 0.0315393518518519
10 0.40265625000000005 0.8275752314814813 0.03364583333333333 0.03616898148148166
10 0.4028125 0.7362152777777778 0.036979166666666605 0.015891203703703737
10 0.45499999999999996 0.7342592592592593 0.03499999999999996 0.033055555555555574
10 0.5008333333333332 0.7306944444444444 0.02979166666666657 0.025208333333333322
10 0.5263020833333333 0.6910590277777777 0.029062500000000036 0.037696759259259235
10 0.5761979166666666 0.6781539351851852 0.030000000000000072 0.02833333333333332
10 0.5866145833333333 0.7172743055555555 0.03312500000000007 0.02835648148148149
10 0.64140625 0.6958159722222221 0.03947916666666664 0.029965277777777643
10 0.6322395833333333 0.7222974537037037 0.03312500000000007 0.02835648148148149
10 0.5924479166666666 0.7462094907407407 0.022187500000000072 0.028275462962962905
10 0.5354687499999999 0.746568287037037 0.03166666666666664 0.029907407407407403
10 0.5011979166666667 0.7595891203703704 0.036562500000000143 0.033067129629629655
10 0.5261979166666666 0.7949131944444444 0.02843750000000007 0.028321759259259238
10 0.5638541666666667 0.7975347222222222 0.0375 0.023703703703703737
10 0.440625 0.7646064814814815 0.03739583333333343 0.02214120370370374
10 0.4395833333333333 0.7958333333333334 0.02833333333333332 0.02675925925925924
10 0.4608854166666666 0.8108275462962963 0.04197916666666668 0.02061342592592581
10 0.49906249999999996 0.8446875 0.02531250000000007 0.028298611111111073
10 0.4529166666666667 0.8552777777777777 0.035416666666666784 0.015879629629629476
10 0.46749999999999997 0.8749074074074074 0.021666666666666678 0.020462962962962905
10 0.5080208333333334 0.8970717592592592 0.030416666666666713 0.03458333333333315
10 0.5349479166666666 0.8558854166666666 0.03760416666666657 0.02526620370370374
10 0.5869791666666667 0.8398726851851851 0.0375 0.023703703703703737
10 0.57734375 0.8710358796296298 0.024479166666666607 0.03922453703703681
10 0.6157812500000001 0.7799594907407407 0.021458333333333357 0.040763888888889
10 0.58765625 0.7914641203703703 0.024270833333333287 0.036099537037036986
10 0.65359375 0.7849247685185186 0.04437499999999996 0.03312500000000007
10 0.6272916666666667 0.8237731481481483 0.030000000000000072 0.028333333333333145
10 0.6336979166666666 0.8495891203703703 0.030104166666666644 0.029895833333333142
10 0.69359375 0.7641377314814815 0.02906249999999986 0.037696759259259235
10 0.7368229166666667 0.7566493055555557 0.022604166666666713 0.034525462962962904
10 0.7006249999999999 0.8578935185185186 0.02937499999999993 0.04238425925925924
10 0.74671875 0.8699479166666666 0.03197916666666671 0.03459490740740741
10 0.6695833333333333 0.919351851851852 0.0390625 0.023715277777777998
10 0.59921875 0.9063368055555555 0.028749999999999963 0.03300925925925924
10 0.7862500000000001 0.736712962962963 0.03718749999999993 0.042442129629629656
10 0.8147916666666667 0.7314583333333333 0.03208333333333328 0.0361574074074074
10 0.8387499999999999 0.7394444444444443 0.039374999999999716 0.028402777777777645
10 0.9008333333333333 0.7336574074074074 0.02239583333333357 0.03140046296296291
10 0.93046875 0.7448090277777778 0.0375 0.023703703703703737
10 0.9037499999999999 0.7891203703703704 0.022708333333333285 0.036087962962962905
10 0.8605208333333334 0.7966087962962962 0.028854166666666715 0.03457175925925924
10 0.8412499999999999 0.8120833333333334 0.03947916666666664 0.029965277777777643
10 0.7854166666666667 0.8179166666666667 0.036250000000000074 0.028379629629629477
10 0.8205729166666668 0.8416030092592592 0.04114583333333357 0.0315393518518519
10 0.8911458333333332 0.8811689814814814 0.03197916666666671 0.03459490740740741
10 0.8300520833333334 0.9017997685185184 0.032187499999999855 0.0377199074074074
10 0.8025 0.9101851851851851 0.050104166666666575 0.02535879629629605
10 0.7909375000000001 0.9592939814814816 0.03916666666666657 0.025277777777778
10 0.8563541666666665 0.9332291666666667 0.019062499999999715 0.028252314814814737
10 0.8873958333333333 0.9771875 0.043333333333333356 0.01750000000000007
10 0.9331770833333334 0.9930034722222223 0.029479166666666855 0.0139930555555555
10 0.9502083333333333 0.9907291666666665 0.02666666666666657 0.018541666666666855
10 0.89453125 0.9991145833333335 0.025520833333333215 0.001770833333333144
10 0.8447916666666666 0.9911342592592594 0.01875 0.017731481481481383
10 0.4838020833333333 0.93203125 0.03229166666666679 0.039282407407407405
10 0.52015625 0.9385474537037037 0.030416666666666713 0.03458333333333315
10 0.5596875 0.9458680555555556 0.029895833333333323 0.026770833333333143
10 0.6147395833333333 0.9517418981481482 0.028541666666666642 0.02988425925925924
10 0.6498958333333333 0.9637152777777779 0.020729166666666642 0.029826388888889
10 0.71046875 0.9118460648148148 0.02833333333333332 0.02675925925925924
10 0.7026562500000001 0.9352141203703702 0.016458333333333287 0.03604166666666657
10 0.7119791666666666 0.9579282407407408 0.034479166666666575 0.02524305555555557
10 0.4373958333333333 0.9621412037037036 0.02510416666666675 0.025173611111111428
10 0.48218750000000005 0.9780902777777778 0.025416666666666643 0.02986111111111107
1 0.9595833333333333 0.8769907407407407 0.06885416666666658 0.04892361111111114
10 0.9858593750000001 0.934976851851852 0.02828124999999986 0.033020833333333145
10 0.5428645833333333 0.9746354166666666 0.04395833333333332 0.026875000000000072
10 0.5176041666666666 0.9930468749999999 0.018229166666666786 0.013906250000000142
10 0.4276041666666666 0.9792476851851852 0.03208333333333328 0.012731481481481666