0 0.04276041666666667 0.023906249999999997 0.037951388888888896 0.021979166666666668
0 0.38468749999999996 0.005190972222222222 0.041180555555555644 0.010381944444444444
0 0.8548090277777778 0.01173611111111111 0.022777777777777786 0.02347222222222222
0 0.7541319444444444 0.11741319444444445 0.03541666666666661 0.04840277777777776
0 0.5750868055555556 0.2246875 0.03371527777777779 0.04208333333333325
0 0.39295138888888886 0.22809027777777774 0.024340277777777787 0.04166666666666661
0 0.30440972222222223 0.32586805555555554 0.03343749999999997 0.02958333333333325
0 0.12581597222222224 0.4534548611111111 0.0317361111111111 0.023263888888888928
0 0.29555555555555557 0.5256770833333333 0.028958333333333287 0.03874999999999993
0 0.24493055555555557 0.6053472222222223 0.04586805555555555 0.027013888888888893
0 0.2987326388888889 0.7038368055555555 0.03805555555555555 0.02666666666666657
0 0.5850347222222222 0.4611979166666666 0.03368055555555553 0.04052083333333343
0 0.6469791666666667 0.4334201388888889 0.03201388888888897 0.03576388888888893
0 0.675 0.3219097222222222 0.043020833333333286 0.03937499999999998
0 0.9561631944444443 0.2703125 0.027430555555555715 0.04024305555555561
0 0.9951388888888889 0.24027777777777776 0.009722222222222143 0.03819444444444446
0 0.9683854166666667 0.015503472222222222 0.025868055555555713 0.031006944444444445
0 0.997109375 0.48640624999999993 0.005781250000000071 0.03513888888888879
0 0.7380729166666666 0.45048611111111114 0.04423611111111114 0.02381944444444457
0 0.8539409722222222 0.6674305555555555 0.04284722222222222 0.03156250000000007
0 0.556423611111111 0.5813368055555556 0.038263888888888785 0.03604166666666657
0 0.6565277777777778 0.8279166666666666 0.04312499999999986 0.044062500000000074
0 0.07550347222222223 0.12489583333333334 0.028993055555555557 0.040312500000000015