3 0.6842997685185186 0.14178819444444443 0.09700231481481474 0.08534722222222221
4 0.6133043981481482 0.034930555555555555 0.09259259259259256 0.06986111111111111
8 0.17234953703703704 0.06324652777777777 0.04570601851851852 0.061250000000000006
8 0.282181712962963 0.2742013888888889 0.05240740740740737 0.04284722222222222
8 0.14788194444444444 0.2131597222222222 0.04937499999999999 0.04427083333333337
8 0.16691550925925927 0.29958333333333337 0.05682870370370372 0.06486111111111104
8 0.08148726851851854 0.2948090277777778 0.047812499999999994 0.044201388888888894
8 0.05112847222222222 0.4652430555555556 0.042303240740740745 0.05642361111111107
8 0.3006944444444445 0.3957118055555556 0.0421180555555555 0.05329861111111116
8 0.5939178240740741 0.4309895833333333 0.04846064814814817 0.05513888888888889
8 0.6862615740740742 0.38480902777777776 0.04321759259259252 0.04555555555555557
8 0.46160300925925923 0.7703645833333332 0.04083333333333332 0.057916666666666575
8 0.5243923611111111 0.73640625 0.03200231481481488 0.04038194444444443
8 0.3712268518518519 0.7307465277777778 0.057835648148148164 0.05555555555555571
8 0.4205439814814815 0.7137499999999999 0.03081018518518519 0.04656249999999993
8 0.4727951388888888 0.7129861111111111 0.038715277777777855 0.04847222222222207
8 0.38343750000000004 0.6561805555555555 0.05443287037037035 0.050729166666666714
8 0.21391203703703704 0.8608506944444445 0.06574074074074074 0.05746527777777786
8 0.12447337962962964 0.7791145833333333 0.05783564814814812 0.05555555555555571
8 0.015196759259259262 0.9315277777777778 0.030393518518518525 0.048680555555555574