3 0.7151041666666667 0.23846064814814816 0.10604166666666667 0.09655092592592593
4 0.6580729166666667 0.10566550925925926 0.1015625 0.09939814814814815
8 0.22005208333333331 0.05225694444444444 0.051145833333333335 0.06684027777777776
8 0.30401041666666667 0.28704282407407405 0.05770833333333334 0.048553240740740744
8 0.17973958333333334 0.19810763888888888 0.05458333333333334 0.0483680555555555
8 0.18864583333333332 0.2880497685185185 0.06385416666666668 0.07070601851851847
8 0.10541666666666667 0.2658622685185185 0.053020833333333336 0.04827546296296301
8 0.05609375000000001 0.4292187500000001 0.04770833333333334 0.06196759259259257
8 0.3090104166666666 0.41204861111111113 0.047499999999999966 0.05884259259259252
8 0.5935937499999999 0.5081307870370371 0.05385416666666672 0.06077546296296301
8 0.6895312499999999 0.4808738425925926 0.04854166666666657 0.05112268518518519
8 0.4253125000000001 0.8205208333333334 0.04614583333333329 0.06187499999999986
8 0.49104166666666665 0.7993171296296296 0.03718749999999993 0.04422453703703688
8 0.3413541666666667 0.7622106481481481 0.06322916666666663 0.06133101851851848
8 0.3911979166666667 0.7557523148148148 0.0359375 0.04881944444444457
8 0.44229166666666664 0.7658391203703704 0.04239583333333332 0.05231481481481488
8 0.36104166666666665 0.6904340277777777 0.058229166666666644 0.056365740740740834
8 0.1709375 0.8595659722222223 0.07114583333333332 0.06335648148148146
8 0.09291666666666668 0.7592534722222222 0.06322916666666667 0.06133101851851848