8 0.3193402777777778 0.2401388888888889 0.05718750000000004 0.05746527777777777
8 0.27510416666666665 0.2501041666666667 0.052152777777777805 0.049548611111111106
8 0.3078472222222222 0.3227777777777778 0.056354166666666664 0.038715277777777765
8 0.3390625 0.3946354166666667 0.0412152777777778 0.04930555555555553
8 0.3522048611111111 0.4332465277777778 0.042569444444444396 0.044652777777777784
8 0.3117361111111111 0.48161458333333335 0.04079861111111107 0.03993055555555554
8 0.2146354166666667 0.39656250000000004 0.047673611111111125 0.05413194444444436
8 0.1590798611111111 0.3093055555555556 0.05350694444444448 0.04489583333333336
8 0.11512152777777777 0.27782986111111113 0.040729166666666664 0.03836805555555554
8 0.06321180555555556 0.2844965277777778 0.034340277777777775 0.035104166666666714
8 0.07526041666666668 0.33012152777777776 0.04704861111111112 0.04006944444444445
8 0.08300347222222222 0.3670486111111111 0.06579861111111111 0.04048611111111118
8 0.13980902777777776 0.4261805555555556 0.04413194444444444 0.04468749999999986
8 0.14673611111111112 0.3934895833333333 0.04541666666666666 0.03847222222222228
8 0.10237847222222221 0.4589756944444444 0.06118055555555556 0.04194444444444443
8 0.16703125000000002 0.48230902777777784 0.04413194444444448 0.04468749999999986
8 0.13380208333333332 0.5261458333333333 0.03760416666666666 0.038298611111111214
8 0.17843749999999997 0.5247916666666667 0.0349652777777778 0.04916666666666671
8 0.24284722222222221 0.4832118055555556 0.03788194444444439 0.04454861111111121