0 0.59953125 0.008017939814814815 0.03833333333333329 0.01603587962962963
0 0.6884375 0.02545138888888888 0.030416666666666713 0.03583333333333334
0 0.7868229166666667 0.009817708333333331 0.03583333333333325 0.019635416666666662
0 0.9087500000000001 0.13162037037037036 0.04104166666666664 0.03171296296296298
0 0.7629166666666667 0.13134259259259257 0.044166666666666646 0.031874999999999966
0 0.6195833333333333 0.09800925925925925 0.024479166666666784 0.04019675925925927
0 0.46963541666666675 0.20064236111111114 0.02666666666666657 0.04965277777777777
0 0.6587500000000001 0.2033796296296296 0.0453125 0.025706018518518548
0 0.7558333333333334 0.2602777777777778 0.03083333333333336 0.04208333333333334
0 0.9832812499999999 0.25005208333333334 0.031145833333333428 0.04677083333333334
0 0.9843229166666667 0.3337673611111111 0.03135416666666657 0.04545138888888891
0 0.7152604166666666 0.3454803240740741 0.02635416666666668 0.04496527777777777
0 0.8796875 0.37771990740740746 0.050520833333333216 0.03376157407407412
0 0.8763541666666667 0.4217939814814815 0.036250000000000074 0.029907407407407403
0 0.6156770833333333 0.4274710648148147 0.03031250000000014 0.03427083333333343
0 0.4380729166666667 0.4915567129629629 0.03385416666666678 0.04068287037037024
0 0.2986979166666667 0.6116724537037037 0.04270833333333339 0.03335648148148138
0 0.29874999999999996 0.718287037037037 0.047083333333333324 0.05226851851851855
0 0.39656250000000004 0.7155671296296295 0.04885416666666664 0.03211805555555571
0 0.5022395833333333 0.6309085648148148 0.057395833333333354 0.043460648148148096
0 0.45088541666666665 0.8601331018518519 0.034791666666666644 0.031388888888889
0 0.3939583333333333 0.923449074074074 0.04906249999999997 0.035243055555555715
0 0.6802604166666667 0.9611284722222223 0.03531250000000004 0.015844907407407405
0 0.7238020833333334 0.9322164351851854 0.03979166666666671 0.03631944444444457
0 0.7916145833333333 0.9028298611111112 0.0328125 0.04841435185185183
0 0.7041145833333333 0.8720891203703705 0.04208333333333343 0.047337962962962624
0 0.6553645833333334 0.8228761574074074 0.03166666666666664 0.031226851851851832
0 0.5295833333333333 0.7706018518518519 0.03947916666666664 0.031631944444444574
0 0.524375 0.7865509259259259 0.04520833333333343 0.024143518518518547
0 0.7053645833333333 0.690931712962963 0.03760416666666657 0.02686342592592581
0 0.70765625 0.6194733796296296 0.04135416666666671 0.036400462962962975
0 0.6007291666666668 0.5560300925925926 0.025937499999999857 0.038715277777777855
0 0.6913020833333333 0.5152719907407407 0.040625 0.025462962962962975
0 0.76515625 0.5177141203703703 0.030208333333333393 0.03270833333333343
0 0.8159895833333334 0.6099363425925926 0.030208333333333216 0.03270833333333343
0 0.47479166666666667 0.41909722222222223 0.03614583333333332 0.028344907407407405
0 0.8511458333333334 0.49052083333333335 0.03937500000000007 0.030069444444444392
0 0.9133854166666666 0.5186516203703704 0.04614583333333329 0.03820601851851855
0 0.9448958333333334 0.6267708333333333 0.044375000000000143 0.03499999999999996
0 0.9201562500000001 0.7142881944444445 0.04395833333333314 0.028749999999999963
0 0.9864843750000001 0.8108854166666667 0.02703124999999993 0.023819444444444483
0 0.9380208333333332 0.9117013888888887 0.052291666666666715 0.036967592592592524