0 0.41953125 0.67265625 0.0390625 0.02265625
0 0.5671875 0.85078125 0.03515625 0.03828125
0 0.2046875 0.88046875 0.02421875 0.0375
0 0.31875 0.97109375 0.02265625 0.040625
0 0.346875 0.97734375 0.0328125 0.0171875
0 0.15703125 0.6328125 0.02734375 0.03515625
0 0.05625 0.1890625 0.0234375 0.0359375
0 0.50625 0.528125 0.02890625 0.034375
0 0.64375 0.353125 0.040625 0.0328125
0 0.73515625 0.034375 0.0203125 0.028125
0 0.971875 0.03046875 0.0296875 0.03515625
0 0.98203125 0.3078125 0.0359375 0.0265625
0 0.01953125 0.95078125 0.03828125 0.04140625
0 0.7328125 0.78828125 0.03125 0.0359375
0 0.8453125 0.82421875 0.025 0.04296875
0 0.90546875 0.7421875 0.03515625 0.02890625