0 0.42765046296296294 0.6804803240740741 0.03923611111111107 0.02401620370370381
0 0.5797280092592592 0.8577141203703704 0.036226851851851906 0.039594907407407474
0 0.21828124999999998 0.8890740740740741 0.025277777777777823 0.03787037037037031
0 0.33456018518518515 0.979068287037037 0.02373842592592599 0.040972222222222146
0 0.36272569444444447 0.9849537037037036 0.032939814814814825 0.017673611111111143
0 0.1641087962962963 0.6414236111111111 0.028391203703703738 0.036354166666666646
0 0.05223958333333334 0.1976273148148148 0.0237037037037037 0.03628472222222223
0 0.5109432870370371 0.5356365740740741 0.029942129629629655 0.03481481481481481
0 0.6440046296296297 0.3602835648148148 0.040868055555555574 0.0334143518518518
0 0.7275694444444445 0.04124421296296297 0.02052083333333332 0.02842592592592592
0 0.9634490740740741 0.03692708333333333 0.02995370370370374 0.03637731481481481
0 0.9811226851851853 0.3137210648148148 0.03613425925925924 0.027094907407407387
0 0.03445023148148148 0.9597800925925926 0.03937499999999999 0.042766203703703806
0 0.7433101851851852 0.7953009259259259 0.03151620370370374 0.036400462962962975
0 0.8568402777777777 0.8305729166666665 0.025324074074074332 0.044120370370370664
0 0.9148206018518519 0.7486284722222223 0.0361574074074074 0.030219907407407477