0 0.64453125 0.45112847222222213 0.0796875 0.08829861111111122
0 0.75234375 0.31526041666666665 0.06875 0.07234953703703706
0 0.72109375 0.43542824074074077 0.0453125 0.08259259259259259
0 0.8578125 0.8465104166666666 0.0546875 0.07974537037037024
0 0.75546875 0.8395717592592593 0.053125 0.0421990740740739
0 0.4859375 0.6495543981481482 0.078125 0.06168981481481488
0 0.46328125 0.5754456018518519 0.0609375 0.040868055555555574
0 0.21953125 0.44634837962962964 0.0640625 0.06283564814814824
0 0.42734375 0.24391203703703707 0.08125 0.07584490740740737
0 0.25546875 0.18022569444444442 0.071875 0.07244212962962963
0 0.1171875 0.08081597222222223 0.0640625 0.05971064814814815
0 0.0109375 0.30266782407407405 0.021875 0.07096064814814813
0 0.04609375 0.6419907407407408 0.078125 0.06168981481481488
0 0.10703125 0.948744212962963 0.0671875 0.10251157407407412