0 0.11620370370370373 0.017881944444444443 0.03541666666666669 0.030671296296296297
0 0.1544560185185185 0.036863425925925924 0.03530092592592595 0.02754629629629629
0 0.11762152777777776 0.2951388888888889 0.04016203703703704 0.03258101851851851
0 0.3443576388888889 0.3578125 0.029050925925925952 0.027083333333333303
0 0.6967592592592593 0.03564814814814814 0.029340277777777857 0.03489583333333333
0 0.8665798611111111 0.12045717592592593 0.025057870370370237 0.045486111111111116
0 0.7155960648148149 0.2212384259259259 0.0387731481481481 0.03715277777777777
0 0.88203125 0.6288483796296296 0.029456018518518333 0.03802083333333321
0 0.405931712962963 0.6726851851851852 0.04178240740740744 0.03425925925925917
0 0.2814236111111111 0.7948784722222222 0.03553240740740744 0.033796296296296366
0 0.3077835648148148 0.7563078703703704 0.029166666666666608 0.030208333333333216
0 0.028616898148148145 0.7419270833333333 0.03553240740740741 0.03379629629629619