0 0.6302893518518518 0.45062499999999994 0.0842245370370371 0.08809027777777771
0 0.7646527777777778 0.32936342592592593 0.07395833333333339 0.07083333333333339
0 0.7086979166666667 0.4445775462962963 0.05108796296296294 0.08159722222222214
0 0.7578356481481482 0.867488425925926 0.060381944444444356 0.08010416666666664
0 0.6588888888888889 0.8479166666666667 0.05531250000000014 0.042581018518518476
0 0.43211226851851847 0.627806712962963 0.08284722222222225 0.061527777777777716
0 0.4258854166666667 0.5521006944444444 0.06452546296296298 0.03952546296296298
0 0.21145254629629626 0.39515625 0.06878472222222223 0.061423611111111144
0 0.45876736111111105 0.2191724537037037 0.08670138888888879 0.0756134259259259
0 0.3022048611111111 0.13598958333333333 0.0756018518518518 0.07240740740740743
0 0.18616319444444446 0.025208333333333333 0.0682986111111111 0.050416666666666665
0 0.027274305555555555 0.22705439814814815 0.04435185185185185 0.0721759259259259
0 0.020439814814814813 0.5677141203703704 0.04087962962962963 0.06144675925925931
0 0.01642071759259259 0.883287037037037 0.03284143518518518 0.11144675925925931