0 0.025086805555555553 0.2512905092592592 0.03599537037037037 0.04425925925925931
0 0.35324074074074074 0.08652777777777779 0.04496527777777777 0.03346064814814813
0 0.49406828703703703 0.06203703703703704 0.04166666666666661 0.028726851851851847
0 0.47092013888888895 0.13829861111111114 0.03229166666666679 0.028587962962962975
0 0.5604456018518518 0.23264467592592591 0.03125 0.04262731481481481
0 0.3386574074074074 0.20590856481481482 0.03692129629629628 0.027094907407407387
0 0.35367476851851853 0.28586226851851854 0.02951388888888893 0.03791666666666664
0 0.20393518518518522 0.4454513888888889 0.04791666666666663 0.028819444444444463
0 0.2206886574074074 0.7528993055555556 0.03894675925925926 0.03961805555555564
0 0.36151620370370374 0.5595659722222223 0.03553240740740744 0.031759259259259306
0 0.415162037037037 0.6940277777777778 0.034085648148148094 0.03486111111111114
0 0.4974537037037036 0.6248958333333333 0.034085648148148094 0.03486111111111114
0 0.5846064814814815 0.5722511574074074 0.04369212962962958 0.04125000000000014
0 0.5646412037037037 0.3304166666666667 0.026793981481481488 0.0488078703703704
0 0.449855324074074 0.4537847222222222 0.04803240740740744 0.03194444444444446
0 0.8972800925925926 0.23450810185185186 0.037152777777777854 0.033344907407407476
0 0.7839409722222223 0.3821296296296296 0.027835648148148096 0.034768518518518476
0 0.9468460648148149 0.43691550925925926 0.027893518518518335 0.03633101851851848
0 0.7279224537037037 0.4805729166666667 0.03570601851851851 0.03644675925925931
0 0.6321469907407408 0.4494502314814815 0.04166666666666661 0.0287268518518518
0 0.6646412037037036 0.5851620370370371 0.04027777777777786 0.03339120370370363
0 0.7388888888888889 0.6276909722222221 0.04021990740740726 0.03182870370370381
0 0.7454282407407408 0.7043923611111111 0.05138888888888893 0.03824074074074062
0 0.9658275462962962 0.6631018518518518 0.021932870370370238 0.04405092592592581
0 0.8972800925925928 0.7199305555555556 0.04334490740740762 0.03187500000000014
0 0.9205729166666666 0.7875 0.040162037037037024 0.03026620370370381
0 0.6747974537037036 0.7752604166666666 0.04033564814814809 0.034953703703703806
0 0.6851273148148148 0.7918287037037037 0.02615740740740744 0.03162037037037031
0 0.7630787037037037 0.8398842592592594 0.03686342592592595 0.025532407407407476
0 0.664699074074074 0.8790740740740741 0.03385416666666678 0.028611111111111143
0 0.5746527777777778 0.8621064814814815 0.033912037037037025 0.030173611111111144
0 0.4783854166666666 0.802054398148148 0.046238425925925954 0.025671296296296386
0 0.6100405092592592 0.9619039351851851 0.027777777777777856 0.033206018518518475
0 0.7599537037037036 0.9664699074074073 0.028645833333333214 0.014479166666666644
0 0.8969328703703704 0.9403587962962963 0.038425925925925954 0.025555555555555644