0 0.06765625 0.005416666666666667 0.0384375 0.010833333333333334
0 0.8820833333333333 0.010989583333333336 0.027708333333333356 0.02197916666666667
0 0.7797395833333334 0.11359375000000001 0.04072916666666675 0.05093749999999999
0 0.5989583333333334 0.2151041666666667 0.03718749999999993 0.044479166666666695
0 0.41677083333333337 0.213125 0.029270833333333357 0.04239583333333332
0 0.32817708333333334 0.3084895833333333 0.036354166666666646 0.03197916666666671
0 0.14802083333333332 0.43114583333333334 0.03427083333333334 0.024062499999999966
0 0.31713541666666667 0.5077604166666667 0.0322916666666667 0.04104166666666664
0 0.26510416666666664 0.5865625 0.04718749999999998 0.031145833333333428
0 0.31885416666666666 0.6865625 0.039270833333333324 0.02906249999999986
0 0.6077083333333333 0.4522916666666667 0.03708333333333336 0.042916666666666714
0 0.66953125 0.4261979166666666 0.035208333333333286 0.038125000000000145
0 0.6990104166666666 0.31515624999999997 0.04645833333333336 0.04354166666666668
0 0.9809895833333334 0.27203125 0.03083333333333336 0.04249999999999998
0 0.9902604166666666 0.01666666666666667 0.019479166666666714 0.03333333333333334
0 0.7603125000000001 0.4460416666666667 0.046875 0.026458333333333427
0 0.8754687499999999 0.66671875 0.04583333333333357 0.03416666666666668
0 0.5780208333333333 0.5719791666666667 0.041458333333333285 0.038541666666666606
0 0.6762499999999999 0.82125 0.04833333333333343 0.04833333333333343
0 0.10005208333333333 0.10005208333333333 0.03239583333333336 0.042604166666666686