10 0.1375 0.553125 0.065625 0.059375
10 0.04453125 0.40703125 0.040625 0.06484375
10 0.14375 0.45234375 0.06953125 0.0578125
10 0.06640625 0.34453125 0.05 0.078125
10 0.103125 0.259375 0.04375 0.0796875
10 0.1609375 0.30234375 0.02890625 0.06953125
10 0.2078125 0.315625 0.04609375 0.075
10 0.084375 0.21640625 0.05234375 0.0453125
10 0.0265625 0.2296875 0.0453125 0.05
10 0.09375 0.134375 0.06171875 0.065625
10 0.15 0.11328125 0.0328125 0.0734375
10 0.20703125 0.109375 0.0578125 0.04375
10 0.32265625 0.2015625 0.0609375 0.0453125
10 0.39140625 0.18046875 0.05546875 0.05234375
10 0.496875 0.17421875 0.0625 0.071875
10 0.59921875 0.50078125 0.05703125 0.071875
10 0.6859375 0.565625 0.03203125 0.07109375
10 0.609375 0.6875 0.0609375 0.07578125
10 0.74453125 0.64375 0.078125 0.0453125
10 0.83203125 0.6 0.0265625 0.08125
10 0.8828125 0.59296875 0.046875 0.0734375
10 0.94375 0.60546875 0.0921875 0.03203125
10 0.8546875 0.66796875 0.059375 0.05234375
10 0.83828125 0.75078125 0.03828125 0.08046875
10 0.90625 0.734375 0.06015625 0.053125
10 0.978125 0.67734375 0.04375 0.0453125
10 0.98671875 0.80546875 0.0265625 0.06171875
10 0.9234375 0.825 0.084375 0.0375
10 0.871875 0.90234375 0.07890625 0.05
10 0.8953125 0.9796875 0.0484375 0.040625
10 0.79921875 0.9390625 0.0625 0.05078125
10 0.74453125 0.87734375 0.04609375 0.0765625
10 0.69296875 0.3109375 0.053125 0.06171875
10 0.7984375 0.44921875 0.07890625 0.046875
10 0.959375 0.35 0.08125 0.06015625
10 0.8578125 0.38125 0.05078125 0.0625
10 0.840625 0.2828125 0.0390625 0.075
10 0.76171875 0.2625 0.06953125 0.04765625
10 0.7796875 0.13984375 0.0421875 0.07890625
10 0.85390625 0.2015625 0.05234375 0.07109375
10 0.9546875 0.121875 0.071875 0.05625
10 0.99140625 0.18359375 0.0171875 0.075
10 0.984375 0.02578125 0.03125 0.0515625
10 0.94140625 0.01953125 0.04296875 0.03828125
10 0.88984375 0.1265625 0.05703125 0.05703125
10 0.8953125 0.08359375 0.08046875 0.03203125
10 0.83828125 0.11796875 0.0640625 0.05
10 0.7984375 0.0359375 0.0671875 0.0546875
10 0.69140625 0.0171875 0.07578125 0.03359375
10 0.72578125 0.06484375 0.06484375 0.04375
10 0.6984375 0.12109375 0.040625 0.0671875
10 0.59609375 0.14765625 0.034375 0.07578125
10 0.61484375 0.078125 0.0609375 0.0625
10 0.63984375 0.03828125 0.0640625 0.0296875
10 0.5765625 0.0265625 0.05546875 0.05234375
10 0.5546875 0.11328125 0.04765625 0.0671875
10 0.51640625 0.06171875 0.06875 0.05625
10 0.45546875 0.08515625 0.04765625 0.078125
10 0.46015625 0.01328125 0.0796875 0.0265625
10 0.3953125 0.02265625 0.05 0.0453125
10 0.31484375 0.0890625 0.0328125 0.07421875
10 0.3453125 0.04921875 0.05078125 0.06640625
10 0.26328125 0.021875 0.0359375 0.04375
10 0.24609375 0.06484375 0.07109375 0.03828125
10 0.11484375 0.021875 0.0703125 0.04375
10 0.03515625 0.040625 0.0515625 0.04140625