0 0.6417361111111111 0.0838252314814815 0.08885416666666668 0.06880787037037037
0 0.38753472222222224 0.26082175925925927 0.08902777777777775 0.1078125
0 0.07612847222222222 0.36160300925925926 0.07357638888888889 0.0760416666666667
0 0.08086805555555557 0.6612847222222222 0.06909722222222223 0.08055555555555553
0 0.34052083333333333 0.6420428240740741 0.07791666666666668 0.06840277777777785
0 0.4606944444444444 0.9592592592592591 0.09645833333333335 0.06440972222222215
0 0.6095659722222222 0.4304976851851851 0.08548611111111111 0.0983217592592592
0 0.8794444444444445 0.553587962962963 0.0718055555555555 0.07129629629629619
10 0.8159375000000001 0.914699074074074 0.07520833333333324 0.07766203703703703
10 0.7068055555555556 0.9512152777777778 0.08878472222222218 0.06724537037037023
0 0.11284722222222224 0.992650462962963 0.08819444444444445 0.014699074074074048