0 0.5880787037037037 0.048379629629629634 0.0372106481481481 0.035706018518518526
0 0.6744212962962963 0.08287037037037037 0.029340277777777857 0.03385416666666665
0 0.7741608796296295 0.07248263888888888 0.03518518518518512 0.02314814814814814
0 0.8850694444444445 0.20410879629629633 0.04010416666666679 0.029571759259259256
0 0.7391493055555556 0.19401041666666669 0.04166666666666678 0.029629629629629627
0 0.5999421296296296 0.15052083333333335 0.023321759259259167 0.039872685185185205
0 0.4408854166666667 0.2416377314814815 0.025231481481481487 0.04930555555555553
0 0.6296006944444444 0.2580150462962963 0.04456018518518512 0.023495370370370416
0 0.7211226851851851 0.3216435185185185 0.029629629629629763 0.04166666666666661
0 0.948582175925926 0.3269386574074074 0.028240740740740834 0.04629629629629628
0 0.944675925925926 0.41128472222222223 0.03443287037037024 0.04496527777777768
0 0.6743055555555555 0.4028356481481481 0.023495370370370416 0.04456018518518516
0 0.8345775462962962 0.4478877314814815 0.049594907407407615 0.03304398148148149
0 0.8275173611111111 0.49065393518518513 0.03379629629629619 0.027777777777777856
0 0.5674768518518519 0.4778935185185185 0.029340277777777857 0.03385416666666661
0 0.3848668981481481 0.5290219907407407 0.03263888888888884 0.03865740740740744
0 0.23527199074074073 0.6392650462962963 0.04021990740740744 0.03269675925925917
0 0.22743055555555552 0.7453703703703705 0.044039351851851906 0.0515625
0 0.32427662037037036 0.7497395833333333 0.046354166666666696 0.02980324074074083
0 0.4374710648148148 0.6717881944444445 0.054629629629629584 0.04259259259259256
0 0.36652199074074077 0.8975983796296297 0.032349537037037024 0.03084490740740762
0 0.3041087962962963 0.9563078703703705 0.04803240740740744 0.03298611111111107
0 0.6315104166666666 0.985054976851852 0.0387731481481481 0.029890046296296192
0 0.7012731481481481 0.9631944444444445 0.02986111111111107 0.04791666666666679
0 0.6173321759259259 0.9272280092592592 0.039120370370370236 0.045138888888888576
0 0.5731481481481481 0.8739583333333334 0.030729166666666786 0.029224537037037025
0 0.4525752314814815 0.8131655092592591 0.036979166666666605 0.029456018518518423
0 0.4457175925925926 0.8293402777777779 0.04450231481481488 0.021932870370370238
0 0.6342013888888889 0.7463541666666667 0.036805555555555716 0.024768518518518513
0 0.6423032407407406 0.6754629629629629 0.04027777777777786 0.03425925925925917
0 0.5416666666666666 0.6044560185185185 0.023263888888888928 0.03831018518518512
0 0.6359953703703705 0.5711805555555556 0.03993055555555571 0.02488425925925917
0 0.7084780092592593 0.5785590277777778 0.02928240740740744 0.03229166666666661
0 0.7511284722222222 0.6732349537037037 0.02928240740740744 0.03229166666666661
0 0.42809606481481477 0.4602141203703704 0.03530092592592595 0.026273148148148094
0 0.79609375 0.5575520833333333 0.036979166666666785 0.029456018518518513
0 0.855931712962963 0.5894965277777777 0.04351851851851833 0.0375
0 0.877662037037037 0.6998263888888889 0.04340277777777786 0.034375
0 0.8463252314814815 0.7855034722222223 0.04311342592592595 0.0265625
0 0.9098668981481481 0.8864293981481481 0.03831018518518512 0.023263888888888928
0 0.8475983796296296 0.9830873842592591 0.04965277777777786 0.033825231481481664