0 0.3169386574074074 0.13907407407407407 0.08238425925925927 0.07716435185185189
0 0.5495023148148148 0.27877314814814813 0.04975694444444443 0.08942129629629622
0 0.828761574074074 0.1423148148148148 0.08378472222222229 0.06623842592592592
0 0.729994212962963 0.27899884259259256 0.062280092592592595 0.09107638888888889
0 0.7894444444444444 0.3363773148148148 0.10752314814814809 0.08672453703703704
0 0.6690335648148148 0.4888483796296296 0.11074074074074076 0.09299768518518511
0 0.7991319444444445 0.4628819444444444 0.052858796296296265 0.08788194444444457
0 0.8782060185185184 0.6318460648148149 0.05901620370370395 0.08167824074074073
0 0.5502199074074074 0.5381712962962963 0.0529745370370371 0.09569444444444439
0 0.36409722222222224 0.5270486111111111 0.09327546296296294 0.07412037037037038
0 0.03576388888888889 0.6208969907407408 0.054398148148148154 0.08633101851851847
0 0.13072916666666665 0.7022337962962963 0.05896990740740744 0.07855324074074073
0 0.2990393518518518 0.7767766203703704 0.06375000000000001 0.08483796296296298
0 0.03453703703703703 0.8545254629629628 0.04467592592592593 0.06282407407407434
0 0.9527025462962964 0.7555266203703704 0.07452546296296277 0.07398148148148138