0 0.024016203703703703 0.13133101851851853 0.036168981481481476 0.033379629629629634
0 0.18232060185185187 0.16099537037037037 0.029837962962962993 0.02207175925925924
0 0.27201967592592596 0.280625 0.03629629629629623 0.050567129629629635
0 0.3818229166666667 0.3217534722222222 0.040844907407407406 0.03209490740740737
0 0.3566493055555555 0.3466724537037037 0.026724537037036988 0.023449074074074084
0 0.22031828703703704 0.4078530092592592 0.020636574074074064 0.04495370370370364
0 0.1834085648148148 0.3303877314814815 0.026874999999999982 0.043761574074074085
0 0.12590277777777778 0.3978298611111111 0.031469907407407405 0.03153935185185182
0 0.04891203703703704 0.5656018518518519 0.028379629629629633 0.03604166666666657
0 0.1610763888888889 0.6042476851851852 0.04559027777777778 0.04018518518518519
0 0.08723958333333333 0.662505787037037 0.03459490740740741 0.03172453703703706
0 0.06193865740740741 0.7046122685185185 0.03310185185185186 0.04100694444444457
0 0.10396990740740741 0.8286284722222221 0.03616898148148149 0.03337962962962955
0 0.1638888888888889 0.9625173611111112 0.03620370370370374 0.0380671296296299
0 0.4890335648148148 0.29119212962962965 0.03931712962962965 0.03668981481481479
0 0.5581886574074074 0.23243055555555556 0.026782407407407404 0.03126157407407408
0 0.6673148148148148 0.04869791666666667 0.02675925925925924 0.02813657407407407
0 0.8859664351851851 0.04901620370370371 0.03611111111111107 0.025567129629629638
0 0.9875578703703702 0.039091435185185194 0.023773148148148238 0.046701388888888896
0 0.8695717592592593 0.15384837962962963 0.029826388888889 0.020509259259259238
0 0.7687442129629629 0.16607060185185185 0.03923611111111107 0.02575231481481479
0 0.7542592592592593 0.22393518518518518 0.03454861111111107 0.02547453703703706
0 0.7179108796296296 0.28153356481481484 0.037650462962962906 0.022534722222222213
0 0.8573032407407407 0.2287615740740741 0.02836805555555557 0.03447916666666666
10 0.8363425925925926 0.3174652777777778 0.020578703703703738 0.03714120370370368
10 0.9053009259259259 0.2852662037037037 0.026805555555555572 0.03438657407407408
10 0.8848668981481481 0.30287615740740736 0.020567129629629477 0.03557870370370377
10 0.9239293981481481 0.1951388888888889 0.036087962962962905 0.022442129629629638
10 0.96328125 0.2591840277777778 0.02981481481481474 0.01894675925925924
10 0.9584432870370371 0.27977430555555555 0.01892361111111107 0.024548611111111108
10 0.9769849537037036 0.30678819444444444 0.02986111111111143 0.025196759259259238
10 0.9942592592592593 0.29405092592592597 0.0065277777777779985 0.0378703703703704
10 0.9345949074074074 0.33663194444444444 0.037638888888889 0.020972222222222215
10 0.9688020833333333 0.3572511574074074 0.03135416666666657 0.015914351851851905
10 0.9606770833333333 0.39990162037037036 0.020578703703703738 0.03714120370370359
10 0.9309664351851852 0.40478587962962964 0.02055555555555557 0.03401620370370377
10 0.9046643518518518 0.3712037037037037 0.036122685185185334 0.027129629629629635
10 0.8989409722222221 0.4059027777777778 0.025219907407407406 0.031168981481481416
10 0.8671006944444445 0.3820196759259259 0.023726851851851905 0.040451388888888926
10 0.8016724537037037 0.35934606481481485 0.03605324074074083 0.017754629629629638
10 0.8035648148148148 0.31472222222222224 0.03142361111111107 0.025289351851851903
10 0.7674305555555556 0.3434143518518519 0.01745370370370374 0.03695601851851853
10 0.7355092592592593 0.33046875 0.03774305555555557 0.03503472222222222
10 0.6845138888888889 0.36238425925925927 0.02366898148148149 0.032638888888888926
10 0.7187326388888888 0.3814409722222222 0.029907407407407403 0.03144675925925924
10 0.8216898148148148 0.3979861111111111 0.018993055555555572 0.033923611111111106
0 0.7647569444444444 0.38808449074074075 0.023657407407407405 0.031076388888888928
10 0.5597048611111111 0.3440104166666667 0.03925925925925924 0.02887731481481488
10 0.5166435185185185 0.359056712962963 0.03302083333333332 0.030069444444444392
10 0.5898032407407408 0.39220486111111114 0.034513888888889 0.02078703703703706
10 0.6406597222222222 0.3790393518518519 0.01905092592592581 0.041736111111111106
10 0.6572106481481481 0.35853587962962963 0.03149305555555557 0.034664351851851814
10 0.6396064814814815 0.4158043981481482 0.02835648148148149 0.032916666666666615
10 0.5988715277777777 0.4330555555555556 0.028379629629629654 0.03604166666666657
10 0.5637789351851852 0.4265451388888889 0.032928240740740834 0.017569444444444395
10 0.5179108796296296 0.3988078703703704 0.03304398148148131 0.033194444444444395
10 0.482650462962963 0.4149537037037037 0.02061342592592581 0.04182870370370377
10 0.4902430555555556 0.44417824074074075 0.04237268518518533 0.027500000000000035
10 0.40808449074074077 0.4662268518518518 0.036099537037036986 0.02400462962962955
10 0.4757986111111111 0.496574074074074 0.028379629629629654 0.03604166666666657
10 0.511724537037037 0.4960069444444445 0.03297453703703699 0.02381944444444457
10 0.5377835648148148 0.4569791666666667 0.01743055555555557 0.03383101851851862
10 0.5815046296296297 0.458292824074074 0.031481481481481485 0.0331018518518519
10 0.6203414351851851 0.4864467592592593 0.023599537037037165 0.023263888888888928
10 0.6518576388888888 0.4486574074074074 0.02217592592592581 0.04192129629629626
10 0.6927025462962962 0.41656250000000006 0.03454861111111107 0.025474537037036882
10 0.7316724537037038 0.42674768518518513 0.03762731481481474 0.019409722222222214
10 0.7143287037037037 0.4488599537037037 0.037638888888889 0.020972222222222215
10 0.779207175925926 0.44032986111111116 0.01745370370370374 0.03695601851851862
10 0.7602719907407407 0.46644097222222225 0.034502314814814736 0.01922453703703706
10 0.8189409722222223 0.45281249999999995 0.03611111111111107 0.025567129629629547
10 0.8656655092592592 0.47034722222222225 0.02204861111111107 0.02473379629629626
10 0.8938310185185185 0.4632118055555555 0.029907407407407403 0.03144675925925924
10 0.927505787037037 0.4502835648148148 0.01743055555555557 0.03383101851851862
10 0.9433738425925927 0.5219675925925926 0.028356481481481666 0.03291666666666657
10 0.9828761574074074 0.5657002314814814 0.020428240740740834 0.016828703703703596
10 0.8919155092592593 0.5109606481481481 0.03458333333333315 0.03016203703703706
10 0.9017766203703704 0.5502025462962963 0.032986111111111424 0.025381944444444395
10 0.9429398148148149 0.5805613425925926 0.015868055555555573 0.03373842592592595
10 0.9216087962962962 0.6138425925925926 0.018981481481481665 0.032361111111111104
10 0.8881886574074074 0.5923958333333333 0.014374999999999716 0.043020833333333286
10 0.8600752314814816 0.5925 0.039189814814815094 0.019502314814814882
10 0.8087905092592592 0.5580555555555555 0.03605324074074083 0.017754629629629547
10 0.8699016203703703 0.5310069444444444 0.031469907407407405 0.0315393518518519
10 0.8186400462962963 0.4934374999999999 0.028321759259259238 0.028229166666666573
10 0.7624074074074073 0.49442708333333335 0.040740740740740834 0.01803240740740737
10 0.7668460648148148 0.5277430555555556 0.017395833333333322 0.029143518518518617
10 0.7194039351851852 0.5016608796296296 0.017465277777777823 0.03851851851851862
10 0.6577488425925926 0.496724537037037 0.018935185185185333 0.026111111111111106
10 0.6700289351851852 0.5256712962962963 0.015868055555555573 0.03373842592592595
10 0.7041203703703703 0.5619155092592593 0.012777777777777822 0.03824074074074062
10 0.7008333333333333 0.5839756944444444 0.03293981481481474 0.01913194444444457
10 0.7452604166666668 0.5953993055555555 0.037673611111111074 0.025659722222222216
10 0.7967418981481481 0.60328125 0.02526620370370374 0.037418981481481595
10 0.6045081018518518 0.5154976851851851 0.040763888888889 0.021157407407407368
10 0.5584606481481481 0.5119791666666667 0.031388888888889 0.020601851851851906
10 0.5225347222222222 0.5125462962962963 0.029849537037036987 0.023634259259259237
10 0.5356828703703703 0.5297280092592593 0.02979166666666657 0.015821759259259237
10 0.5494907407407407 0.5632696759259259 0.017442129629629478 0.035393518518518616
10 0.5829398148148147 0.5808101851851852 0.02668981481481474 0.018761574074074083
10 0.6205960648148148 0.557494212962963 0.03762731481481474 0.019409722222222214
10 0.6656944444444445 0.5837152777777778 0.02986111111111107 0.025196759259259238
10 0.6561284722222223 0.6100520833333334 0.020567129629629654 0.03557870370370377
10 0.6116550925925927 0.6048784722222222 0.036122685185185334 0.02712962962962955
10 0.48486111111111113 0.5382060185185186 0.032951388888889 0.02069444444444457
10 0.43571180555555555 0.5317476851851852 0.026793981481481488 0.03282407407407391
10 0.4024131944444445 0.49389467592592595 0.03142361111111112 0.025289351851851903
10 0.3781655092592593 0.4992361111111111 0.02988425925925924 0.028321759259259238
10 0.3477314814814815 0.4963541666666666 0.025208333333333322 0.029606481481481595
10 0.3228067129629629 0.4876793981481482 0.02055555555555557 0.0340162037037036
10 0.35680555555555554 0.43100115740740746 0.03295138888888891 0.02069444444444457
10 0.30357060185185186 0.5544155092592593 0.02986111111111107 0.025196759259259238
10 0.2961226851851852 0.5056597222222223 0.02214120370370374 0.037233796296296265
10 0.2822627314814815 0.47914930555555557 0.02516203703703699 0.023356481481481596
10 0.25385416666666666 0.5190972222222222 0.033055555555555574 0.034756944444444396
10 0.27532986111111113 0.5717071759259259 0.029803240740740745 0.017384259259259238
10 0.2720949074074074 0.5867361111111111 0.040752314814814825 0.01959490740740737
10 0.3315046296296297 0.5785300925925926 0.02214120370370374 0.037233796296296265
10 0.3550810185185185 0.5583912037037037 0.025277777777777823 0.038981481481481596
10 0.4098321759259259 0.5465567129629629 0.037650462962962906 0.022534722222222213
10 0.40960069444444447 0.5778067129629629 0.02524305555555557 0.03429398148148159
10 0.3641493055555555 0.5992418981481482 0.04243055555555557 0.03531250000000004
10 0.27881365740740743 0.6285069444444444 0.03766203703703699 0.024097222222222214
10 0.22340277777777778 0.6239814814814816 0.0361574074074074 0.03181712962962955
10 0.23182870370370373 0.6461284722222222 0.03454861111111107 0.02547453703703706
10 0.23310763888888886 0.6843171296296295 0.029849537037036987 0.023634259259259237
10 0.2065798611111111 0.6812037037037036 0.02517361111111116 0.024918981481481594
10 0.27131944444444445 0.6914236111111112 0.03454861111111107 0.02547453703703706
10 0.33784143518518517 0.671863425925926 0.03460648148148149 0.03328703703703706
10 0.37791087962962966 0.6390335648148149 0.014374999999999982 0.043020833333333286
10 0.4193634259259259 0.6303298611111112 0.028275462962962905 0.02197916666666657
10 0.43904513888888885 0.6088599537037037 0.015891203703703737 0.03686342592592595
10 0.4680266203703704 0.5969907407407408 0.01745370370370374 0.036956018518518444
10 0.4881481481481481 0.621568287037037 0.036076388888889 0.020879629629629547
10 0.4457233796296297 0.656099537037037 0.023611111111111072 0.02482638888888893
10 0.3971238425925926 0.6808449074074074 0.03309027777777782 0.039444444444444574
0 0.295943287037037 0.7407233796296296 0.04078703703703699 0.02428240740740737
0 0.28096643518518516 0.8649942129629629 0.03456018518518515 0.027037037037037238
0 0.36996527777777777 0.8683101851851852 0.033032407407407406 0.031631944444444574
10 0.1735474537037037 0.7128356481481481 0.03295138888888891 0.020694444444444394
10 0.21002893518518517 0.7426909722222221 0.02984953703703701 0.023634259259259237
10 0.23331597222222222 0.7616145833333333 0.02054398148148149 0.032453703703703776
10 0.2862673611111111 0.7819039351851853 0.02054398148148149 0.032453703703703596
10 0.25006365740740744 0.8199710648148149 0.029907407407407403 0.03144675925925924
10 0.3520486111111111 0.7569212962962963 0.026782407407407404 0.03126157407407408
10 0.3384548611111111 0.7998958333333335 0.014317129629629655 0.035208333333333286
10 0.316400462962963 0.8254108796296297 0.03770833333333332 0.030347222222222213
10 0.37036458333333333 0.8144039351851852 0.028379629629629654 0.03604166666666657
10 0.3686979166666667 0.7231365740740741 0.03446759259259258 0.01453703703703706
10 0.421875 0.7129571759259259 0.031481481481481485 0.0331018518518519
10 0.4672453703703704 0.7024594907407408 0.026724537037037165 0.023449074074074084
10 0.4917766203703703 0.6588368055555556 0.023703703703703737 0.03732638888888893
10 0.5411226851851852 0.6387326388888889 0.02675925925925924 0.028136574074074085
10 0.5517824074074074 0.6755844907407408 0.029872685185185155 0.02675925925925924
10 0.6066608796296296 0.6465625 0.03457175925925924 0.02859953703703706
10 0.5978703703703704 0.6736342592592592 0.028310185185185154 0.02666666666666657
10 0.558599537037037 0.7040740740740741 0.01894675925925924 0.027673611111111284
10 0.5023090277777778 0.7128761574074074 0.02675925925925924 0.028136574074074085
10 0.46781249999999996 0.7313194444444445 0.033032407407407406 0.031631944444444574
10 0.49256365740740743 0.7634317129629629 0.023634259259259237 0.02795138888888893
10 0.5300694444444444 0.7604282407407407 0.034525462962962904 0.022349537037036883
10 0.40757523148148156 0.7458217592592593 0.034513888888888955 0.020787037037036882
10 0.4065625 0.7771180555555556 0.023622685185185156 0.026388888888888927
10 0.4283391203703705 0.7891030092592592 0.03918981481481474 0.019502314814814882
10 0.46640046296296295 0.8165219907407408 0.02207175925925924 0.027858796296296617
10 0.42097800925925927 0.834050925925926 0.03446759259259267 0.014537037037037237
10 0.4356770833333334 0.8527025462962964 0.018888888888889 0.019861111111111284
10 0.4761689814814815 0.8682638888888888 0.02524305555555557 0.03429398148148124
10 0.5022800925925927 0.8222048611111111 0.034537037037037165 0.02391203703703688
10 0.5547800925925926 0.7980092592592593 0.034525462962962904 0.022349537037036883
10 0.5451620370370371 0.8313773148148147 0.019027777777777644 0.03861111111111128
10 0.5817997685185186 0.7347164351851851 0.014351851851851904 0.03989583333333328
10 0.5543576388888889 0.7496180555555555 0.019004629629629656 0.03548611111111111
10 0.6200752314814815 0.7332291666666666 0.039270833333333324 0.03043981481481488
10 0.5939872685185186 0.7761631944444444 0.025185185185185154 0.026481481481481595
10 0.6008333333333333 0.8007465277777778 0.0252083333333335 0.029606481481481595
10 0.6600983796296296 0.7066493055555556 0.023703703703703737 0.03732638888888893
10 0.7023726851851853 0.6924305555555555 0.01743055555555557 0.03383101851851862
10 0.6672222222222223 0.7991550925925927 0.02217592592592581 0.04192129629629626
10 0.7132581018518518 0.8042361111111112 0.02835648148148149 0.03291666666666657
10 0.6378356481481482 0.8657118055555555 0.036087962962962905 0.022442129629629548
10 0.5675694444444445 0.8636284722222222 0.025219907407407406 0.03116898148148124
10 0.7509895833333333 0.6653414351851852 0.03155092592592599 0.042476851851851904
10 0.7799594907407407 0.6550347222222223 0.026805555555555572 0.03438657407407408
10 0.8033506944444444 0.6598958333333333 0.036122685185185244 0.02712962962962955
10 0.865943287037037 0.6436921296296296 0.017407407407407406 0.03070601851851862
10 0.8955671296296297 0.6505266203703703 0.034525462962962904 0.022349537037036883
10 0.8686574074074074 0.6989756944444444 0.017442129629629478 0.035393518518518616
10 0.8263831018518518 0.7131944444444445 0.023680555555555573 0.03420138888888893
10 0.807505787037037 0.7314930555555555 0.03457175925925924 0.02859953703703706
10 0.7519502314814815 0.7464988425925926 0.03299768518518533 0.02694444444444457
10 0.7869560185185185 0.7647280092592593 0.03614583333333332 0.030254629629629548
10 0.8578067129629631 0.7933275462962963 0.026793981481481665 0.03282407407407408
10 0.7974537037037036 0.8234548611111112 0.026828703703703737 0.037511574074073906
10 0.7700289351851852 0.8360127314814815 0.04703703703703717 0.024652777777777857
10 0.7587210648148148 0.8866608796296296 0.036099537037036986 0.02400462962962955
10 0.8238020833333334 0.850787037037037 0.014259259259259239 0.027395833333333286
10 0.8555266203703704 0.8902951388888889 0.040717592592592666 0.014907407407407546
10 0.9030266203703704 0.9085648148148149 0.02524305555555557 0.03429398148148124
10 0.9202256944444445 0.9059837962962962 0.02217592592592581 0.04192129629629626
10 0.8638541666666667 0.9257233796296296 0.023657407407407405 0.031076388888888928
10 0.8302083333333332 0.9347453703703703 0.015856481481481666 0.032175925925925955
10 0.8139409722222222 0.9169675925925926 0.014282407407407405 0.030520833333333285
10 0.45245949074074077 0.9063715277777777 0.026828703703703737 0.037511574074073906
10 0.4891493055555555 0.9081018518518519 0.025231481481481487 0.03273148148148124
10 0.5281886574074074 0.908912037037037 0.02673611111111107 0.025011574074073905
10 0.5836516203703704 0.9064062500000001 0.0252083333333335 0.029606481481481595
10 0.618744212962963 0.9129166666666666 0.017395833333333322 0.029143518518518617
10 0.6371701388888888 0.9555555555555555 0.032905092592592666 0.01444444444444457
10 0.6777662037037037 0.8516319444444445 0.02517361111111107 0.02491898148148124
10 0.6713368055555555 0.8762210648148148 0.011192129629629654 0.035023148148147956
10 0.6805497685185186 0.8975405092592592 0.03141203703703717 0.023726851851851905
10 0.406886574074074 0.944212962962963 0.022048611111111116 0.02473379629629626
10 0.45133101851851853 0.9532928240740741 0.02052083333333332 0.02932870370370395
1 0.9266319444444445 0.7790972222222223 0.06126157407407433 0.047361111111111145
10 0.9535706018518517 0.8321643518518517 0.026793981481481665 0.03282407407407391
10 0.9921932870370369 0.3621122685185185 0.00961805555555557 0.033368055555555554
10 0.5115509259259259 0.9411342592592593 0.04079861111111107 0.02584490740740719
10 0.48717592592592585 0.9636631944444444 0.015729166666666572 0.014988425925925952
10 0.3973784722222222 0.9627372685185186 0.031319444444444414 0.011226851851851904