0 0.16015625 0.221875 0.0828125 0.09375
0 0.19296875 0.0390625 0.0703125 0.071875
0 0.33828125 0.1703125 0.0609375 0.04375
0 0.37109375 0.34375 0.0578125 0.06875
0 0.234375 0.36640625 0.078125 0.0515625
0 0.07265625 0.33515625 0.0734375 0.0765625
0 0.12109375 0.55546875 0.0515625 0.0609375
0 0.5765625 0.1375 0.059375 0.065625
0 0.66328125 0.09375 0.0578125 0.075
0 0.7390625 0.19375 0.075 0.06875
0 0.85390625 0.81171875 0.0390625 0.0890625
0 0.64296875 0.70234375 0.0421875 0.0578125
0 0.65859375 0.9140625 0.0515625 0.0875
0 0.06640625 0.91796875 0.0421875 0.0734375
0 0.41640625 0.5578125 0.0546875 0.0625